start, 2012-06-18 21:11:57.162, 30
timestamp, sec, x, y, z, m11, m12, m13, m21, m22, m23, m31, m32, m33, heading, heading_acc
2012-06-18 21:11:57.257, 0.000000, 0.024170, -0.030518, -1.063293, 0.000000, 0.000000, 0.000000, 0.000000, 0.000000, 0.000000, 0.000000, 0.000000, 0.000000, 0.000000, 0.000000
2012-06-18 21:11:57.262, 0.025669, 0.024628, -0.040192, -1.029678, 0.000000, 0.000000, 0.000000, 0.000000, 0.000000, 0.000000, 0.000000, 0.000000, 0.000000, 0.000000, 0.000000
2012-06-18 21:11:57.268, 0.058445, -0.000412, -0.029938, -1.038940, 0.000000, 0.000000, 0.000000, 0.000000, 0.000000, 0.000000, 0.000000, 0.000000, 0.000000, 0.000000, 0.000000
2012-06-18 21:11:57.294, 0.089722, 0.018448, -0.048080, -1.011002, 0.000000, 0.000000, 0.000000, 0.000000, 0.000000, 0.000000, 0.000000, 0.000000, 0.000000, 0.000000, 0.000000
2012-06-18 21:11:57.322, 0.121003, 0.008789, -0.035477, -0.998291, 0.000000, 0.000000, 0.000000, 0.000000, 0.000000, 0.000000, 0.000000, 0.000000, 0.000000, 0.000000, 0.000000
2012-06-18 21:11:57.354, 0.152834, 0.014481, -0.045181, -1.001175, 0.000000, 0.000000, 0.000000, 0.000000, 0.000000, 0.000000, 0.000000, 0.000000, 0.000000, 0.000000, 0.000000
2012-06-18 21:11:57.385, 0.184157, 0.015854, -0.057770, -0.969513, 0.000000, 0.000000, 0.000000, 0.000000, 0.000000, 0.000000, 0.000000, 0.000000, 0.000000, 0.000000, 0.000000
2012-06-18 21:11:57.416, 0.215569, -0.005844, -0.042664, -1.010361, 0.000000, 0.000000, 0.000000, 0.000000, 0.000000, 0.000000, 0.000000, 0.000000, 0.000000, 0.000000, 0.000000
2012-06-18 21:11:57.448, 0.247119, -0.000702, -0.025894, -1.002380, 0.000000, 0.000000, 0.000000, 0.000000, 0.000000, 0.000000, 0.000000, 0.000000, 0.000000, 0.000000, 0.000000
2012-06-18 21:11:57.480, 0.278491, 0.008606, -0.020935, -1.046722, 0.000000, 0.000000, 0.000000, 0.000000, 0.000000, 0.000000, 0.000000, 0.000000, 0.000000, 0.000000, 0.000000
2012-06-18 21:11:57.512, 0.310741, 0.016891, -0.028503, -1.014984, 0.000000, 0.000000, 0.000000, 0.000000, 0.000000, 0.000000, 0.000000, 0.000000, 0.000000, 0.000000, 0.000000
2012-06-18 21:11:57.543, 0.342128, 0.023361, -0.044052, -1.007965, 0.000000, 0.000000, 0.000000, 0.000000, 0.000000, 0.000000, 0.000000, 0.000000, 0.000000, 0.000000, 0.000000
2012-06-18 21:11:57.576, 0.374641, 0.014511, -0.043198, -1.001175, 0.000000, 0.000000, 0.000000, 0.000000, 0.000000, 0.000000, 0.000000, 0.000000, 0.000000, 0.000000, 0.000000
2012-06-18 21:11:57.607, 0.406301, 0.028152, -0.040970, -0.993073, 0.000000, 0.000000, 0.000000, 0.000000, 0.000000, 0.000000, 0.000000, 0.000000, 0.000000, 0.000000, 0.000000
2012-06-18 21:11:57.640, 0.438776, 0.025101, -0.044937, -0.988159, 0.000000, 0.000000, 0.000000, 0.000000, 0.000000, 0.000000, 0.000000, 0.000000, 0.000000, 0.000000, 0.000000
2012-06-18 21:11:57.672, 0.471068, 0.012070, -0.028625, -1.018997, 0.000000, 0.000000, 0.000000, 0.000000, 0.000000, 0.000000, 0.000000, 0.000000, 0.000000, 0.000000, 0.000000
2012-06-18 21:11:57.704, 0.502875, 0.011993, -0.025650, -1.005157, 0.000000, 0.000000, 0.000000, 0.000000, 0.000000, 0.000000, 0.000000, 0.000000, 0.000000, 0.000000, 0.000000
2012-06-18 21:11:57.736, 0.535157, 0.012756, -0.038391, -1.011078, 0.000000, 0.000000, 0.000000, 0.000000, 0.000000, 0.000000, 0.000000, 0.000000, 0.000000, 0.000000, 0.000000
2012-06-18 21:11:57.773, 0.571544, 0.001358, -0.031799, -1.026062, 0.000000, 0.000000, 0.000000, 0.000000, 0.000000, 0.000000, 0.000000, 0.000000, 0.000000, 0.000000, 0.000000
2012-06-18 21:11:57.800, 0.599232, 0.016129, -0.051941, -0.984344, 0.000000, 0.000000, 0.000000, 0.000000, 0.000000, 0.000000, 0.000000, 0.000000, 0.000000, 0.000000, 0.000000
2012-06-18 21:11:57.832, 0.630873, 0.013596, -0.050140, -1.018967, 0.000000, 0.000000, 0.000000, 0.000000, 0.000000, 0.000000, 0.000000, 0.000000, 0.000000, 0.000000, 0.000000
2012-06-18 21:11:57.865, 0.663340, 0.013702, -0.037354, -1.004150, 0.000000, 0.000000, 0.000000, 0.000000, 0.000000, 0.000000, 0.000000, 0.000000, 0.000000, 0.000000, 0.000000
2012-06-18 21:11:57.895, 0.693757, 0.018585, -0.044174, -1.017914, 0.000000, 0.000000, 0.000000, 0.000000, 0.000000, 0.000000, 0.000000, 0.000000, 0.000000, 0.000000, 0.000000
2012-06-18 21:11:57.927, 0.726170, 0.019974, -0.054794, -0.983292, 0.000000, 0.000000, 0.000000, 0.000000, 0.000000, 0.000000, 0.000000, 0.000000, 0.000000, 0.000000, 0.000000
2012-06-18 21:11:57.960, 0.758213, 0.012589, -0.038330, -0.995270, 0.999718, 0.000518, -0.023747, 0.000413, 0.999231, 0.039218, 0.023749, -0.039217, 0.998948, 0.000000, 0.000000
2012-06-18 21:11:57.992, 0.790397, 0.017334, -0.023743, -1.049576, 0.999750, 0.000993, -0.022347, -0.000025, 0.999064, 0.043258, 0.022369, -0.043247, 0.998814, 0.000000, 0.000000
2012-06-18 21:11:58.023, 0.821901, 0.040833, -0.044678, -0.998825, 0.999731, 0.001147, -0.023149, -0.000224, 0.999206, 0.039838, 0.023176, -0.039822, 0.998938, 0.000000, 0.000000
2012-06-18 21:11:58.055, 0.854034, 0.026093, -0.041962, -0.986191, 0.999677, 0.001619, -0.025357, -0.000579, 0.999160, 0.040973, 0.025402, -0.040945, 0.998838, 0.000000, 0.000000
2012-06-18 21:11:58.087, 0.886351, 0.016556, -0.041214, -1.005096, 0.999653, 0.001876, -0.026261, -0.000752, 0.999086, 0.042748, 0.026318, -0.042713, 0.998741, 0.000000, 0.000000
2012-06-18 21:11:58.119, 0.918374, 0.039368, -0.058350, -0.979050, 0.999680, 0.002279, -0.025194, -0.001179, 0.999049, 0.043589, 0.025269, -0.043545, 0.998732, 0.000000, 0.000000
2012-06-18 21:11:58.151, 0.949751, 0.009689, -0.042343, -1.004211, 0.999656, 0.002269, -0.026141, -0.001071, 0.998952, 0.045755, 0.026217, -0.045711, 0.998611, 0.000000, 0.000000
2012-06-18 21:11:58.182, 0.981029, 0.025299, -0.042999, -1.004959, 0.999681, 0.002358, -0.025130, -0.001209, 0.998958, 0.045618, 0.025212, -0.045573, 0.998643, 0.000000, 0.000000
2012-06-18 21:11:58.214, 1.012569, 0.019424, -0.042160, -1.003067, 0.999665, 0.002482, -0.025767, -0.001309, 0.998965, 0.045463, 0.025853, -0.045414, 0.998634, 0.000000, 0.000000
2012-06-18 21:11:58.245, 1.044391, 0.026672, -0.037201, -1.032623, 0.999619, 0.002127, -0.027519, -0.000867, 0.998954, 0.045717, 0.027587, -0.045675, 0.998575, 0.000000, 0.000000
2012-06-18 21:11:58.278, 1.077145, 0.044678, -0.055420, -1.014557, 0.999567, 0.001677, -0.029364, -0.000367, 0.999005, 0.044585, 0.029409, -0.044555, 0.998574, 0.000000, 0.000000
2012-06-18 21:11:58.311, 1.109910, 0.032700, -0.055557, -0.989029, 0.999541, 0.001799, -0.030236, -0.000425, 0.998969, 0.045386, 0.030286, -0.045352, 0.998512, 0.000000, 0.000000
2012-06-18 21:11:58.343, 1.142060, 0.022415, -0.042114, -1.006973, 0.999540, 0.001837, -0.030277, -0.000393, 0.998866, 0.047612, 0.030330, -0.047578, 0.998407, 0.000000, 0.000000
2012-06-18 21:11:58.376, 1.174595, 0.020630, -0.034302, -1.009003, 0.999553, 0.002255, -0.029798, -0.000855, 0.998899, 0.046911, 0.029871, -0.046864, 0.998455, 0.000000, 0.000000
2012-06-18 21:11:58.408, 1.207427, 0.024292, -0.048965, -1.013870, 0.999586, 0.002707, -0.028655, -0.001414, 0.998983, 0.045058, 0.028748, -0.044999, 0.998573, 0.000000, 0.000000
2012-06-18 21:11:58.441, 1.239923, 0.023636, -0.059586, -0.969391, 0.999610, 0.002381, -0.027828, -0.001133, 0.998996, 0.044794, 0.027907, -0.044745, 0.998609, 0.000000, 0.000000
2012-06-18 21:11:58.471, 1.270234, 0.017441, -0.048080, -1.010025, 0.999620, 0.002028, -0.027501, -0.000729, 0.998887, 0.047170, 0.027566, -0.047132, 0.998508, 0.000000, 0.000000
2012-06-18 21:11:58.504, 1.302623, 0.024643, -0.036255, -1.023758, 0.999609, 0.002414, -0.027853, -0.001104, 0.998897, 0.046951, 0.027936, -0.046902, 0.998509, 0.000000, 0.000000
2012-06-18 21:11:58.535, 1.334125, 0.029984, -0.053711, -1.006851, 0.999599, 0.002615, -0.028202, -0.001337, 0.998975, 0.045256, 0.028291, -0.045200, 0.998577, 0.000000, 0.000000
2012-06-18 21:11:58.569, 1.366800, 0.015488, -0.044174, -1.000183, 0.999593, 0.002516, -0.028425, -0.001236, 0.998988, 0.044966, 0.028510, -0.044913, 0.998584, 0.000000, 0.000000
2012-06-18 21:11:58.600, 1.398833, 0.018768, -0.036362, -1.020874, 0.999626, 0.002601, -0.027217, -0.001382, 0.998998, 0.044733, 0.027306, -0.044678, 0.998628, 0.000000, 0.000000
2012-06-18 21:11:58.633, 1.431346, 0.039917, -0.049637, -1.016632, 0.999617, 0.002615, -0.027545, -0.001413, 0.999050, 0.043545, 0.027633, -0.043490, 0.998672, 0.000000, 0.000000
2012-06-18 21:11:58.665, 1.463303, 0.041763, -0.052521, -1.012634, 0.999570, 0.002050, -0.029235, -0.000776, 0.999052, 0.043525, 0.029297, -0.043484, 0.998625, 0.000000, 0.000000
2012-06-18 21:11:58.697, 1.495579, 0.047501, -0.058289, -1.009567, 0.999515, 0.001964, -0.031071, -0.000584, 0.999014, 0.044381, 0.031128, -0.044342, 0.998531, 0.000000, 0.000000
2012-06-18 21:11:58.729, 1.528320, 0.041672, -0.053467, -1.005707, 0.999466, 0.002661, -0.032556, -0.001168, 0.998949, 0.045810, 0.032644, -0.045748, 0.998420, 0.000000, 0.000000
2012-06-18 21:11:58.763, 1.561355, 0.044357, -0.061249, -0.994797, 0.999468, 0.004034, -0.032369, -0.002548, 0.998946, 0.045830, 0.032520, -0.045723, 0.998425, 0.000000, 0.000000
2012-06-18 21:11:58.795, 1.593502, 0.028229, -0.045944, -1.011841, 0.999441, 0.005887, -0.032910, -0.004355, 0.998912, 0.046439, 0.033147, -0.046270, 0.998379, 0.000000, 0.000000
2012-06-18 21:11:58.827, 1.625939, 0.028198, -0.042953, -1.001968, 0.999438, 0.008042, -0.032549, -0.006546, 0.998929, 0.045809, 0.032882, -0.045571, 0.998420, 285.161591, -1.000000
2012-06-18 21:11:58.860, 1.658849, 0.026138, -0.043945, -0.993103, 0.999419, 0.010018, -0.032567, -0.008502, 0.998889, 0.046344, 0.032995, -0.046040, 0.998395, 285.161591, -1.000000
2012-06-18 21:11:58.893, 1.691501, 0.006088, -0.035599, -1.019089, 0.999432, 0.011266, -0.031750, -0.009793, 0.998886, 0.046159, 0.032234, -0.045821, 0.998429, 285.161591, -1.000000
2012-06-18 21:11:58.925, 1.723699, 0.020462, -0.046082, -1.013931, 0.999450, 0.013060, -0.030469, -0.011691, 0.998933, 0.044682, 0.031020, -0.044301, 0.998537, 285.161591, -1.000000
2012-06-18 21:11:58.957, 1.755950, 0.007523, -0.053146, -1.002243, 0.999489, 0.013793, -0.028820, -0.012507, 0.998938, 0.044342, 0.029401, -0.043959, 0.998601, 285.161591, -1.000000
2012-06-18 21:11:58.990, 1.788858, 0.005402, -0.055115, -0.989426, 0.999535, 0.014585, -0.026793, -0.013351, 0.998869, 0.045644, 0.027428, -0.045265, 0.998598, 285.161591, -1.000000
2012-06-18 21:11:59.023, 1.822026, -0.001862, -0.039658, -1.012268, 0.999593, 0.015029, -0.024251, -0.013912, 0.998864, 0.045574, 0.024908, -0.045218, 0.998667, 285.161591, -1.000000
2012-06-18 21:11:59.054, 1.853128, 0.003510, -0.029861, -1.040878, 0.999648, 0.015820, -0.021294, -0.014889, 0.998956, 0.043185, 0.021955, -0.042853, 0.998840, 285.161591, -1.000000
2012-06-18 21:11:59.086, 1.885069, 0.023346, -0.047989, -1.013885, 0.999681, 0.015665, -0.019796, -0.014827, 0.999017, 0.041779, 0.020431, -0.041472, 0.998931, 285.161591, -1.000000
2012-06-18 21:11:59.117, 1.916131, 0.018753, -0.041260, -1.027802, 0.999710, 0.014457, -0.019243, -0.013636, 0.999019, 0.042132, 0.019833, -0.041858, 0.998927, 285.161591, -1.000000
2012-06-18 21:11:59.149, 1.948336, 0.034012, -0.051697, -1.014725, 0.999753, 0.013220, -0.017856, -0.012470, 0.999062, 0.041480, 0.018387, -0.041247, 0.998980, 285.161591, -1.000000
2012-06-18 21:11:59.181, 1.980053, 0.027756, -0.059586, -0.990097, 0.999753, 0.013220, -0.017856, -0.012470, 0.999062, 0.041480, 0.018387, -0.041247, 0.998980, 285.161591, -1.000000
2012-06-18 21:11:59.213, 2.011608, 0.016586, -0.048141, -1.021912, 0.999771, 0.011560, -0.017992, -0.010759, 0.998974, 0.043999, 0.018483, -0.043795, 0.998870, 285.161591, -1.000000
2012-06-18 21:11:59.244, 2.042389, 0.025223, -0.050888, -1.012878, 0.999788, 0.010532, -0.017712, -0.009709, 0.998896, 0.045962, 0.018176, -0.045780, 0.998786, 285.161591, -1.000000
2012-06-18 21:11:59.276, 2.074499, 0.020599, -0.039215, -1.013931, 0.999788, 0.010532, -0.017712, -0.009709, 0.998896, 0.045962, 0.018176, -0.045780, 0.998786, 285.161591, -1.000000
2012-06-18 21:11:59.307, 2.105784, 0.020630, -0.041199, -1.020844, 0.999804, 0.010439, -0.016851, -0.009649, 0.998882, 0.046278, 0.017315, -0.046107, 0.998786, 285.161591, -1.000000
2012-06-18 21:11:59.340, 2.138260, 0.020905, -0.058716, -0.987228, 0.999813, 0.010455, -0.016262, -0.009684, 0.998858, 0.046786, 0.016733, -0.046620, 0.998773, 285.161591, -1.000000
2012-06-18 21:11:59.371, 2.170147, 0.015396, -0.052048, -1.007080, 0.999817, 0.010587, -0.015905, -0.009819, 0.998820, 0.047573, 0.016389, -0.047408, 0.998741, 285.161591, -1.000000
2012-06-18 21:11:59.405, 2.203757, 0.013580, -0.044220, -1.006119, 0.999831, 0.010236, -0.015286, -0.009478, 0.998759, 0.048903, 0.015767, -0.048750, 0.998687, 285.161591, -1.000000
2012-06-18 21:11:59.436, 2.235074, 0.029251, -0.044937, -1.012833, 0.999844, 0.010062, -0.014532, -0.009351, 0.998794, 0.048205, 0.015000, -0.048061, 0.998732, 285.161591, -1.000000
2012-06-18 21:11:59.469, 2.267847, 0.004669, -0.049301, -1.003281, 0.999839, 0.009807, -0.015014, -0.009072, 0.998791, 0.048307, 0.015470, -0.048163, 0.998720, 285.161591, -1.000000
2012-06-18 21:11:59.502, 2.300385, 0.017197, -0.055893, -1.000137, 0.999848, 0.009293, -0.014777, -0.008573, 0.998808, 0.048054, 0.015206, -0.047920, 0.998735, 285.161591, -1.000000
2012-06-18 21:11:59.534, 2.332580, -0.002884, -0.036697, -1.001419, 0.999858, 0.008902, -0.014327, -0.008192, 0.998773, 0.048841, 0.014744, -0.048717, 0.998704, 285.161591, -1.000000
2012-06-18 21:11:59.565, 2.363945, 0.014160, -0.031601, -1.038727, 0.999874, 0.008153, -0.013585, -0.007486, 0.998797, 0.048453, 0.013964, -0.048346, 0.998733, 285.161591, -1.000000
2012-06-18 21:11:59.596, 2.394988, 0.029251, -0.049850, -1.022705, 0.999880, 0.007968, -0.013303, -0.007342, 0.998895, 0.046422, 0.013658, -0.046319, 0.998833, 285.161591, -1.000000
2012-06-18 21:11:59.629, 2.427552, 0.016907, -0.039368, -1.037704, 0.999907, 0.005756, -0.012332, -0.005201, 0.998991, 0.044600, 0.012576, -0.044532, 0.998929, 285.161591, -1.000000
2012-06-18 21:11:59.659, 2.458478, 0.016312, -0.052002, -1.003113, 0.999945, 0.003552, -0.009886, -0.003138, 0.999129, 0.041620, 0.010025, -0.041587, 0.999085, 285.161591, -1.000000
2012-06-18 21:11:59.691, 2.490060, 0.024750, -0.065536, -0.995071, 0.999954, 0.002181, -0.009365, -0.001787, 0.999122, 0.041847, 0.009448, -0.041828, 0.999080, 285.161591, -1.000000
2012-06-18 21:11:59.722, 2.521003, 0.012589, -0.044235, -1.006134, 0.999953, 0.000489, -0.009639, -0.000061, 0.999016, 0.044343, 0.009651, -0.044340, 0.998970, 285.161591, -1.000000
2012-06-18 21:11:59.754, 2.552669, 0.012833, -0.036438, -1.015030, 0.999952, 0.000170, -0.009768, 0.000264, 0.999016, 0.044361, 0.009766, -0.044361, 0.998968, 285.161591, -1.000000
2012-06-18 21:11:59.785, 2.584010, 0.004883, -0.037506, -0.999344, 0.999943, -0.000049, -0.010684, 0.000515, 0.999047, 0.043646, 0.010671, -0.043649, 0.998990, 285.161591, -1.000000
2012-06-18 21:11:59.817, 2.616138, 0.013824, -0.034454, -1.011063, 0.999938, -0.000455, -0.011113, 0.000940, 0.999047, 0.043649, 0.011083, -0.043657, 0.998985, 285.161591, -1.000000
2012-06-18 21:11:59.849, 2.647803, 0.018677, -0.045197, -1.027802, 0.999929, -0.001226, -0.011852, 0.001743, 0.999041, 0.043739, 0.011787, -0.043757, 0.998973, 285.161591, -1.000000
2012-06-18 21:11:59.882, 2.680907, 0.021118, -0.054840, -1.001053, 0.999914, -0.002435, -0.012869, 0.002986, 0.999073, 0.042953, 0.012752, -0.042988, 0.998994, 285.161591, -1.000000
2012-06-18 21:11:59.914, 2.712495, 0.025024, -0.056732, -1.005936, 0.999891, -0.003569, -0.014300, 0.004200, 0.999005, 0.044403, 0.014127, -0.044458, 0.998911, 285.161591, -1.000000
2012-06-18 21:11:59.949, 2.747558, 0.015594, -0.042252, -1.009079, 0.999877, -0.005066, -0.014848, 0.005731, 0.998966, 0.045092, 0.014605, -0.045172, 0.998872, 285.161591, -1.000000
2012-06-18 21:11:59.978, 2.777264, 0.016846, -0.035400, -1.022888, 0.999871, -0.005644, -0.015020, 0.006311, 0.998978, 0.044766, 0.014752, -0.044855, 0.998885, 285.161591, -1.000000
2012-06-18 21:12:00.011, 2.809927, 0.014526, -0.045197, -1.006119, 0.999864, -0.005780, -0.015421, 0.006464, 0.998981, 0.044665, 0.015148, -0.044758, 0.998883, 285.161591, -1.000000
2012-06-18 21:12:00.044, 2.842439, 0.007675, -0.049255, -1.010162, 0.999866, -0.006018, -0.015210, 0.006703, 0.998946, 0.045415, 0.014921, -0.045511, 0.998852, 285.161591, -1.000000
2012-06-18 21:12:00.075, 2.873519, 0.028458, -0.063416, -0.970322, 0.999861, -0.006580, -0.015288, 0.007288, 0.998882, 0.046711, 0.014963, -0.046815, 0.998791, 285.161591, -1.000000
2012-06-18 21:12:00.107, 2.905509, 0.006149, -0.036621, -1.026993, 0.999842, -0.007326, -0.016209, 0.008108, 0.998779, 0.048729, 0.015833, -0.048853, 0.998680, 285.161591, -1.000000
2012-06-18 21:12:00.138, 2.936665, 0.012756, -0.038391, -1.012054, 0.999851, -0.006632, -0.015950, 0.007378, 0.998860, 0.047162, 0.015619, -0.047273, 0.998760, 285.161591, -1.000000
2012-06-18 21:12:00.170, 2.968490, 0.024323, -0.050949, -1.020782, 0.999844, -0.006544, -0.016396, 0.007298, 0.998898, 0.046362, 0.016075, -0.046475, 0.998790, 285.161591, -1.000000
2012-06-18 21:12:00.202, 3.000312, 0.026962, -0.056702, -1.003952, 0.999833, -0.007202, -0.016815, 0.007980, 0.998878, 0.046691, 0.016460, -0.046818, 0.998768, 285.161591, -1.000000
2012-06-18 21:12:00.234, 3.033078, 0.020340, -0.049973, -1.009979, 0.999819, -0.007301, -0.017575, 0.008134, 0.998825, 0.047784, 0.017206, -0.047918, 0.998703, 285.161591, -1.000000
2012-06-18 21:12:00.266, 3.064495, 0.024994, -0.052780, -0.994095, 0.999819, -0.007301, -0.017575, 0.008134, 0.998825, 0.047784, 0.017206, -0.047918, 0.998703, 285.161591, -1.000000
2012-06-18 21:12:00.299, 3.097590, 0.008209, -0.032669, -1.029922, 0.999820, -0.007268, -0.017505, 0.008101, 0.998817, 0.047952, 0.017136, -0.048085, 0.998696, 285.161591, -1.000000
2012-06-18 21:12:00.330, 3.129000, 0.022919, -0.056732, -0.990158, 0.999824, -0.006603, -0.017560, 0.007437, 0.998825, 0.047883, 0.017224, -0.048005, 0.998699, 285.161591, -1.000000
2012-06-18 21:12:00.362, 3.161022, 0.019257, -0.055908, -1.010971, 0.999824, -0.006603, -0.017560, 0.007437, 0.998825, 0.047883, 0.017224, -0.048005, 0.998699, 285.161591, -1.000000
2012-06-18 21:12:00.395, 3.193729, 0.015366, -0.050049, -1.001160, 0.999813, -0.006931, -0.018044, 0.007822, 0.998730, 0.049764, 0.017676, -0.049896, 0.998598, 285.161591, -1.000000
2012-06-18 21:12:00.427, 3.226385, 0.028137, -0.050842, -1.011841, 0.999811, -0.006665, -0.018258, 0.007578, 0.998700, 0.050399, 0.017898, -0.050528, 0.998562, 285.161591, -1.000000
2012-06-18 21:12:00.460, 3.258932, 0.021225, -0.046982, -0.996140, 0.999811, -0.006665, -0.018258, 0.007578, 0.998700, 0.050399, 0.017898, -0.050528, 0.998562, 285.161591, -1.000000
2012-06-18 21:12:00.493, 3.291797, 0.006729, -0.042389, -0.999313, 0.999814, -0.006598, -0.018122, 0.007500, 0.998711, 0.050194, 0.017768, -0.050321, 0.998575, 285.161591, -1.000000
2012-06-18 21:12:00.526, 3.324591, 0.022537, -0.040161, -1.013901, 0.999834, -0.005415, -0.017407, 0.006264, 0.998773, 0.049117, 0.017119, -0.049218, 0.998641, 285.161591, -1.000000
2012-06-18 21:12:00.558, 3.356897, 0.025223, -0.049896, -1.011871, 0.999834, -0.005415, -0.017407, 0.006264, 0.998773, 0.049117, 0.017119, -0.049218, 0.998641, 285.161591, -1.000000
2012-06-18 21:12:00.590, 3.388908, 0.025513, -0.071365, -0.986176, 0.999831, -0.005296, -0.017611, 0.006142, 0.998810, 0.048380, 0.017334, -0.048480, 0.998674, 285.161591, -1.000000
2012-06-18 21:12:00.621, 3.419830, 0.025589, -0.067444, -0.985199, 0.999837, -0.005558, -0.017204, 0.006406, 0.998746, 0.049657, 0.016906, -0.049759, 0.998618, 285.161591, -1.000000
2012-06-18 21:12:00.653, 3.452156, 0.011948, -0.039444, -1.028870, 0.999837, -0.005558, -0.017204, 0.006406, 0.998746, 0.049657, 0.016906, -0.049759, 0.998618, 285.161591, -1.000000
2012-06-18 21:12:00.685, 3.484221, 0.004288, -0.033707, -1.029984, 0.999839, -0.004746, -0.017302, 0.005599, 0.998754, 0.049581, 0.017045, -0.049670, 0.998620, 285.161591, -1.000000
2012-06-18 21:12:00.718, 3.516706, 0.018478, -0.047104, -1.012985, 0.999858, -0.004296, -0.016305, 0.005060, 0.998876, 0.047138, 0.016084, -0.047214, 0.998755, 285.161591, -1.000000
2012-06-18 21:12:00.751, 3.549181, 0.017303, -0.051987, -1.004105, 0.999871, -0.004215, -0.015505, 0.004931, 0.998909, 0.046433, 0.015293, -0.046503, 0.998801, 285.161591, -1.000000
2012-06-18 21:12:00.782, 3.581222, 0.020920, -0.056747, -0.986237, 0.999879, -0.004193, -0.014984, 0.004892, 0.998888, 0.046882, 0.014770, -0.046950, 0.998788, 285.161591, -1.000000
2012-06-18 21:12:00.813, 3.612307, 0.008377, -0.057037, -0.999268, 0.999883, -0.004415, -0.014618, 0.005105, 0.998860, 0.047469, 0.014392, -0.047538, 0.998766, 285.161591, -1.000000
2012-06-18 21:12:00.846, 3.644878, 0.011444, -0.048157, -0.995285, 0.999887, -0.004405, -0.014356, 0.005103, 0.998791, 0.048897, 0.014123, -0.048965, 0.998701, 285.161591, -1.000000
2012-06-18 21:12:00.878, 3.676460, 0.008820, -0.043365, -1.016068, 0.999894, -0.003994, -0.014018, 0.004672, 0.998804, 0.048663, 0.013807, -0.048723, 0.998717, 285.161591, -1.000000
2012-06-18 21:12:00.910, 3.708690, 0.009857, -0.042404, -1.020996, 0.999895, -0.003483, -0.014074, 0.004152, 0.998846, 0.047848, 0.013891, -0.047901, 0.998756, 285.161591, -1.000000
2012-06-18 21:12:00.941, 3.739829, 0.008621, -0.050201, -1.010147, 0.999905, -0.003385, -0.013344, 0.004000, 0.998919, 0.046321, 0.013172, -0.046370, 0.998837, 285.161591, -1.000000
2012-06-18 21:12:00.973, 3.771524, 0.011215, -0.053009, -0.983414, 0.999906, -0.003851, -0.013143, 0.004463, 0.998890, 0.046896, 0.012948, -0.046951, 0.998813, 285.161591, -1.000000
2012-06-18 21:12:01.004, 3.802743, 0.032867, -0.052643, -1.000885, 0.999905, -0.004876, -0.012912, 0.005485, 0.998855, 0.047529, 0.012666, -0.047596, 0.998786, 285.161591, -1.000000
2012-06-18 21:12:01.035, 3.833640, 0.020264, -0.053894, -1.009964, 0.999895, -0.005748, -0.013313, 0.006385, 0.998814, 0.048272, 0.013020, -0.048352, 0.998746, 285.161591, -1.000000
2012-06-18 21:12:01.067, 3.865944, 0.012833, -0.035446, -1.013062, 0.999880, -0.006688, -0.013959, 0.007359, 0.998795, 0.048519, 0.013618, -0.048616, 0.998725, 285.161591, -1.000000
2012-06-18 21:12:01.098, 3.897264, 0.012711, -0.042313, -1.015030, 0.999882, -0.006381, -0.013997, 0.007041, 0.998839, 0.047650, 0.013677, -0.047743, 0.998766, 285.161591, -1.000000
2012-06-18 21:12:01.130, 3.929284, 0.021927, -0.060684, -0.995117, 0.999882, -0.006612, -0.013875, 0.007259, 0.998861, 0.047166, 0.013548, -0.047261, 0.998791, 285.161591, -1.000000
2012-06-18 21:12:01.163, 3.961471, 0.017914, -0.057770, -0.978378, 0.999881, -0.007153, -0.013655, 0.007806, 0.998798, 0.048387, 0.013292, -0.048488, 0.998735, 285.161591, -1.000000
2012-06-18 21:12:01.195, 3.993593, -0.006454, -0.027008, -1.014328, 0.999885, -0.006973, -0.013486, 0.007628, 0.998762, 0.049146, 0.013126, -0.049243, 0.998701, 285.161591, -1.000000
2012-06-18 21:12:01.227, 4.025969, 0.013000, -0.030579, -1.019958, 0.999900, -0.005732, -0.012942, 0.006336, 0.998869, 0.047133, 0.012657, -0.047210, 0.998805, 285.161591, -1.000000
2012-06-18 21:12:01.260, 4.058660, 0.002914, -0.045456, -1.011230, 0.999900, -0.005509, -0.013051, 0.006091, 0.998967, 0.045039, 0.012789, -0.045114, 0.998900, 285.161591, -1.000000
2012-06-18 21:12:01.291, 4.090441, 0.014481, -0.050110, -1.011063, 0.999898, -0.005692, -0.013125, 0.006279, 0.998962, 0.045125, 0.012855, -0.045203, 0.998895, 285.161591, -1.000000
2012-06-18 21:12:01.323, 4.121537, 0.016022, -0.057831, -0.986313, 0.999902, -0.006273, -0.012533, 0.006834, 0.998953, 0.045229, 0.012237, -0.045310, 0.998898, 285.161591, -1.000000
2012-06-18 21:12:01.356, 4.154658, 0.021988, -0.060699, -1.001038, 0.999886, -0.006990, -0.013379, 0.007617, 0.998845, 0.047440, 0.013032, -0.047536, 0.998784, 285.161591, -1.000000
2012-06-18 21:12:01.388, 4.186555, 0.016296, -0.050018, -0.998184, 0.999886, -0.007492, -0.013132, 0.008104, 0.998856, 0.047127, 0.012764, -0.047228, 0.998803, 285.161591, -1.000000
2012-06-18 21:12:01.420, 4.218897, 0.002228, -0.033707, -1.019135, 0.999879, -0.006928, -0.013957, 0.007580, 0.998858, 0.047177, 0.013614, -0.047277, 0.998789, 285.161591, -1.000000
2012-06-18 21:12:01.452, 4.250940, 0.002945, -0.041504, -1.007263, 0.999891, -0.006592, -0.013217, 0.007189, 0.998930, 0.045681, 0.012902, -0.045771, 0.998869, 285.161591, -1.000000
2012-06-18 21:12:01.486, 4.284608, 0.021423, -0.050995, -1.022812, 0.999890, -0.006928, -0.013136, 0.007515, 0.998951, 0.045168, 0.012809, -0.045262, 0.998893, 285.161591, -1.000000
2012-06-18 21:12:01.519, 4.318112, 0.023773, -0.060623, -0.985214, 0.999880, -0.008010, -0.013292, 0.008602, 0.998945, 0.045113, 0.012917, -0.045222, 0.998893, 285.161591, -1.000000
2012-06-18 21:12:01.552, 4.350328, 0.013550, -0.051132, -1.015991, 0.999864, -0.008898, -0.013864, 0.009541, 0.998847, 0.047040, 0.013430, -0.047166, 0.998797, 285.161591, -1.000000
2012-06-18 21:12:01.584, 4.383127, 0.015442, -0.046143, -1.000183, 0.999869, -0.009236, -0.013309, 0.009855, 0.998838, 0.047185, 0.012858, -0.047310, 0.998797, 285.161591, -1.000000
2012-06-18 21:12:01.616, 4.415071, 0.017776, -0.038345, -1.025833, 0.999874, -0.009158, -0.012985, 0.009766, 0.998822, 0.047523, 0.012534, -0.047644, 0.998786, 285.161591, -1.000000
2012-06-18 21:12:01.648, 4.447047, 0.027908, -0.059631, -1.004913, 0.999868, -0.009330, -0.013335, 0.009947, 0.998844, 0.047023, 0.012881, -0.047149, 0.998805, 285.161591, -1.000000
2012-06-18 21:12:01.680, 4.478647, 0.028488, -0.067368, -0.983170, 0.999855, -0.009895, -0.013878, 0.010552, 0.998784, 0.048152, 0.013384, -0.048292, 0.998744, 285.161591, -1.000000
2012-06-18 21:12:01.712, 4.511218, -0.000244, -0.048370, -0.996445, 0.999854, -0.010063, -0.013840, 0.010744, 0.998690, 0.050026, 0.013319, -0.050168, 0.998652, 285.161591, -1.000000
2012-06-18 21:12:01.744, 4.542640, 0.005234, -0.030731, -1.022079, 0.999854, -0.010063, -0.013840, 0.010744, 0.998690, 0.050026, 0.013319, -0.050168, 0.998652, 285.161591, -1.000000
2012-06-18 21:12:01.777, 4.575621, 0.009888, -0.043381, -1.024948, 0.999885, -0.008257, -0.012691, 0.008851, 0.998833, 0.047478, 0.012284, -0.047585, 0.998792, 285.161591, -1.000000
2012-06-18 21:12:01.809, 4.607862, 0.010635, -0.048233, -1.013092, 0.999884, -0.008459, -0.012692, 0.009042, 0.998870, 0.046648, 0.012283, -0.046758, 0.998831, 285.161591, -1.000000
2012-06-18 21:12:01.842, 4.641084, 0.017181, -0.056885, -1.003082, 0.999882, -0.008948, -0.012470, 0.009520, 0.998868, 0.046609, 0.012038, -0.046722, 0.998835, 285.161591, -1.000000
2012-06-18 21:12:01.875, 4.673709, 0.031540, -0.066360, -0.992004, 0.999867, -0.010060, -0.012797, 0.010654, 0.998828, 0.047209, 0.012307, -0.047339, 0.998803, 285.161591, -1.000000
2012-06-18 21:12:01.907, 4.706259, 0.026718, -0.068466, -1.002945, 0.999851, -0.010728, -0.013554, 0.011363, 0.998798, 0.047687, 0.013026, -0.047834, 0.998770, 285.161591, -1.000000
2012-06-18 21:12:01.940, 4.738559, 0.009781, -0.049286, -1.026932, 0.999851, -0.010728, -0.013554, 0.011363, 0.998798, 0.047687, 0.013026, -0.047834, 0.998770, 285.161591, -1.000000
2012-06-18 21:12:01.972, 4.770479, 0.011719, -0.046280, -1.018997, 0.999834, -0.010776, -0.014666, 0.011453, 0.998835, 0.046867, 0.014144, -0.047028, 0.998793, 285.161591, -1.000000
2012-06-18 21:12:02.003, 4.802338, 0.003693, -0.047333, -0.997375, 0.999836, -0.010645, -0.014624, 0.011314, 0.998857, 0.046436, 0.014113, -0.046594, 0.998814, 285.161591, -1.000000
2012-06-18 21:12:02.035, 4.834071, 0.009583, -0.047241, -1.003204, 0.999836, -0.010645, -0.014624, 0.011314, 0.998857, 0.046436, 0.014113, -0.046594, 0.998814, 285.161591, -1.000000
2012-06-18 21:12:02.067, 4.866010, 0.011398, -0.052094, -0.997253, 0.999846, -0.010560, -0.014051, 0.011207, 0.998842, 0.046784, 0.013541, -0.046935, 0.998806, 285.161591, -1.000000
2012-06-18 21:12:02.099, 4.897938, 0.015320, -0.056946, -1.010040, 0.999836, -0.011584, -0.013922, 0.012224, 0.998829, 0.046800, 0.013364, -0.046962, 0.998807, 285.161591, -1.000000
2012-06-18 21:12:02.131, 4.929560, 0.011353, -0.054047, -0.997238, 0.999836, -0.011584, -0.013922, 0.012224, 0.998829, 0.046800, 0.013364, -0.046962, 0.998807, 285.161591, -1.000000
2012-06-18 21:12:02.162, 4.961007, 0.028137, -0.047867, -1.004929, 0.999827, -0.011999, -0.014198, 0.012658, 0.998800, 0.047318, 0.013613, -0.047489, 0.998779, 285.161591, -1.000000
2012-06-18 21:12:02.195, 4.993468, 0.009964, -0.042435, -1.030884, 0.999818, -0.012275, -0.014587, 0.012953, 0.998795, 0.047337, 0.013989, -0.047517, 0.998772, 285.161591, -1.000000
2012-06-18 21:12:02.227, 5.025991, 0.022705, -0.066513, -0.987198, 0.999817, -0.012349, -0.014624, 0.013010, 0.998857, 0.045983, 0.014040, -0.046165, 0.998835, 285.161591, -1.000000
2012-06-18 21:12:02.259, 5.057992, 0.012238, -0.053009, -0.989319, 0.999808, -0.012390, -0.015182, 0.013076, 0.998858, 0.045962, 0.014595, -0.046152, 0.998828, 285.161591, -1.000000
2012-06-18 21:12:02.291, 5.089589, 0.007095, -0.037567, -1.024994, 0.999799, -0.012572, -0.015591, 0.013305, 0.998767, 0.047827, 0.014970, -0.048025, 0.998734, 285.161591, -1.000000
2012-06-18 21:12:02.324, 5.122538, 0.012756, -0.040344, -1.014038, 0.999809, -0.012080, -0.015348, 0.012788, 0.998816, 0.046942, 0.014763, -0.047129, 0.998780, 285.161591, -1.000000
2012-06-18 21:12:02.355, 5.154098, 0.006790, -0.045364, -1.010178, 0.999812, -0.011669, -0.015495, 0.012364, 0.998887, 0.045513, 0.014947, -0.045696, 0.998844, 285.161591, -1.000000
2012-06-18 21:12:02.387, 5.186043, 0.015350, -0.055969, -1.010040, 0.999811, -0.011538, -0.015616, 0.012245, 0.998867, 0.045986, 0.015068, -0.046169, 0.998820, 285.161591, -1.000000
2012-06-18 21:12:02.420, 5.218946, 0.033707, -0.057526, -0.995941, 0.999819, -0.011581, -0.015089, 0.012266, 0.998860, 0.046129, 0.014538, -0.046306, 0.998821, 285.161591, -1.000000
2012-06-18 21:12:02.452, 5.250913, 0.009674, -0.046280, -1.010132, 0.999801, -0.011816, -0.016064, 0.012560, 0.998815, 0.047016, 0.015490, -0.047208, 0.998765, 285.161591, -1.000000
2012-06-18 21:12:02.484, 5.283141, 0.008759, -0.044342, -1.011139, 0.999801, -0.011877, -0.016002, 0.012620, 0.998808, 0.047162, 0.015423, -0.047354, 0.998759, 285.161591, -1.000000
2012-06-18 21:12:02.517, 5.315327, 0.010651, -0.046280, -1.011108, 0.999816, -0.010921, -0.015793, 0.011647, 0.998843, 0.046648, 0.015266, -0.046823, 0.998787, 285.161591, -1.000000
2012-06-18 21:12:02.548, 5.346541, -0.000061, -0.046478, -1.011261, 0.999826, -0.009946, -0.015795, 0.010670, 0.998865, 0.046431, 0.015315, -0.046591, 0.998797, 285.161591, -1.000000
2012-06-18 21:12:02.578, 5.377283, 0.007004, -0.039520, -1.020050, 0.999832, -0.009525, -0.015645, 0.010242, 0.998869, 0.046429, 0.015185, -0.046581, 0.998799, 285.161591, -1.000000
2012-06-18 21:12:02.610, 5.409218, 0.018356, -0.048050, -1.003082, 0.999844, -0.008992, -0.015219, 0.009677, 0.998913, 0.045599, 0.014793, -0.045739, 0.998844, 285.161591, -1.000000
2012-06-18 21:12:02.642, 5.440614, 0.003815, -0.042435, -1.000351, 0.999848, -0.008850, -0.014992, 0.009524, 0.998918, 0.045515, 0.014573, -0.045651, 0.998851, 285.161591, -1.000000
2012-06-18 21:12:02.674, 5.472366, 0.028137, -0.045914, -1.002945, 0.999857, -0.008663, -0.014528, 0.009320, 0.998910, 0.045732, 0.014116, -0.045861, 0.998848, 285.161591, -1.000000
2012-06-18 21:12:02.707, 5.505783, 0.002258, -0.027817, -1.012207, 0.999850, -0.008915, -0.014828, 0.009581, 0.998921, 0.045453, 0.014407, -0.045588, 0.998856, 285.161591, -1.000000
2012-06-18 21:12:02.738, 5.537043, 0.015869, -0.036423, -1.023895, 0.999862, -0.008540, -0.014215, 0.009167, 0.998961, 0.044633, 0.013819, -0.044757, 0.998902, 285.161591, -1.000000
2012-06-18 21:12:02.776, 5.574221, 0.016953, -0.057800, -0.981369, 0.999868, -0.008263, -0.014009, 0.008871, 0.998996, 0.043922, 0.013632, -0.044041, 0.998937, 285.161591, -1.000000
2012-06-18 21:12:02.803, 5.601383, 0.016830, -0.060715, -0.975418, 0.999870, -0.008358, -0.013790, 0.008975, 0.998935, 0.045266, 0.013397, -0.045384, 0.998880, 285.161591, -1.000000
2012-06-18 21:12:02.834, 5.632980, 0.001007, -0.038589, -1.004333, 0.999880, -0.007975, -0.013286, 0.008578, 0.998906, 0.045967, 0.012905, -0.046076, 0.998855, 285.161591, -1.000000
2012-06-18 21:12:02.866, 5.664882, 0.000366, -0.034775, -1.032013, 0.999894, -0.006854, -0.012833, 0.007414, 0.998999, 0.044106, 0.012518, -0.044197, 0.998944, 285.161591, -1.000000
2012-06-18 21:12:02.898, 5.697120, 0.020462, -0.046082, -1.013931, 0.999896, -0.006293, -0.012996, 0.006844, 0.999061, 0.042779, 0.012715, -0.042864, 0.999000, 285.161591, -1.000000
2012-06-18 21:12:02.930, 5.729413, 0.019394, -0.052994, -1.020844, 0.999883, -0.006485, -0.013854, 0.007078, 0.999042, 0.043181, 0.013561, -0.043274, 0.998971, 285.161591, -1.000000
2012-06-18 21:12:02.962, 5.760922, 0.018280, -0.053940, -1.007019, 0.999883, -0.007062, -0.013591, 0.007644, 0.999036, 0.043230, 0.013272, -0.043329, 0.998973, 285.161591, -1.000000
2012-06-18 21:12:02.995, 5.793523, 0.004715, -0.047333, -1.003281, 0.999883, -0.006913, -0.013680, 0.007508, 0.999004, 0.043992, 0.013362, -0.044090, 0.998938, 285.161591, -1.000000
2012-06-18 21:12:03.027, 5.826149, 0.012482, -0.048157, -1.003159, 0.999887, -0.006628, -0.013498, 0.007227, 0.998968, 0.044840, 0.013186, -0.044932, 0.998903, 285.161591, -1.000000
2012-06-18 21:12:03.059, 5.857566, 0.004120, -0.029709, -1.005280, 0.999893, -0.006502, -0.013092, 0.007076, 0.998994, 0.044275, 0.012791, -0.044363, 0.998934, 285.161591, -1.000000
2012-06-18 21:12:03.090, 5.889132, 0.006973, -0.036560, -1.011169, 0.999899, -0.006027, -0.012864, 0.006580, 0.999040, 0.043321, 0.012591, -0.043401, 0.998978, 285.161591, -1.000000
2012-06-18 21:12:03.123, 5.921858, 0.016510, -0.044174, -1.007065, 0.999902, -0.006629, -0.012353, 0.007141, 0.999098, 0.041867, 0.012064, -0.041951, 0.999047, 285.161591, -1.000000
2012-06-18 21:12:03.155, 5.953675, 0.023178, -0.049911, -1.003006, 0.999888, -0.007071, -0.013157, 0.007620, 0.999083, 0.042139, 0.012847, -0.042234, 0.999025, 285.161591, -1.000000
2012-06-18 21:12:03.187, 5.985475, 0.020126, -0.052872, -0.995148, 0.999885, -0.007389, -0.013236, 0.007943, 0.999074, 0.042278, 0.012912, -0.042378, 0.999018, 285.161591, -1.000000
2012-06-18 21:12:03.219, 6.017333, 0.027863, -0.054688, -0.991089, 0.999885, -0.007389, -0.013236, 0.007943, 0.999074, 0.042278, 0.012912, -0.042378, 0.999018, 285.161591, -1.000000
2012-06-18 21:12:03.251, 6.049889, -0.000565, -0.029877, -1.023132, 0.999877, -0.007803, -0.013634, 0.008367, 0.999092, 0.041786, 0.013295, -0.041895, 0.999034, 285.161591, -1.000000
2012-06-18 21:12:03.283, 6.081973, 0.013840, -0.037399, -1.017975, 0.999883, -0.007334, -0.013406, 0.007869, 0.999156, 0.040316, 0.013100, -0.040417, 0.999097, 285.161591, -1.000000
2012-06-18 21:12:03.315, 6.113681, 0.024384, -0.045044, -1.013870, 0.999883, -0.007334, -0.013406, 0.007869, 0.999156, 0.040316, 0.013100, -0.040417, 0.999097, 285.161591, -1.000000
2012-06-18 21:12:03.347, 6.145774, 0.017151, -0.050949, -0.987305, 0.999875, -0.008070, -0.013574, 0.008607, 0.999162, 0.040021, 0.013240, -0.040133, 0.999107, 285.161591, -1.000000
2012-06-18 21:12:03.379, 6.178106, 0.004868, -0.040466, -1.004288, 0.999872, -0.008153, -0.013754, 0.008728, 0.999068, 0.042266, 0.013397, -0.042381, 0.999012, 285.161591, -1.000000
2012-06-18 21:12:03.412, 6.210385, 0.011047, -0.027649, -1.015060, 0.999872, -0.008153, -0.013754, 0.008728, 0.999068, 0.042266, 0.013397, -0.042381, 0.999012, 285.161591, -1.000000
2012-06-18 21:12:03.444, 6.243126, 0.015884, -0.033447, -1.018951, 0.999890, -0.007420, -0.012868, 0.007937, 0.999145, 0.040565, 0.012556, -0.040663, 0.999094, 285.161591, -1.000000
2012-06-18 21:12:03.477, 6.276056, 0.007858, -0.041412, -1.012131, 0.999879, -0.006522, -0.014100, 0.007079, 0.999180, 0.039854, 0.013829, -0.039949, 0.999106, 285.161591, -1.000000
2012-06-18 21:12:03.510, 6.308576, 0.019226, -0.047012, -0.992203, 0.999879, -0.006522, -0.014100, 0.007079, 0.999180, 0.039854, 0.013829, -0.039949, 0.999106, 285.161591, -1.000000
2012-06-18 21:12:03.542, 6.340585, 0.004929, -0.041473, -1.011200, 0.999870, -0.005963, -0.014952, 0.006565, 0.999157, 0.040532, 0.014698, -0.040625, 0.999066, 285.161591, -1.000000
2012-06-18 21:12:03.575, 6.373368, 0.012787, -0.038391, -1.014038, 0.999878, -0.005445, -0.014657, 0.006037, 0.999156, 0.040632, 0.014423, -0.040715, 0.999067, 285.161591, -1.000000
2012-06-18 21:12:03.606, 6.404468, -0.002609, -0.029877, -1.015259, 0.999878, -0.005445, -0.014657, 0.006037, 0.999156, 0.040632, 0.014423, -0.040715, 0.999067, 285.161591, -1.000000
2012-06-18 21:12:03.638, 6.436794, 0.005188, -0.032700, -1.021072, 0.999885, -0.004970, -0.014312, 0.005545, 0.999167, 0.040424, 0.014099, -0.040499, 0.999080, 285.161591, -1.000000
2012-06-18 21:12:03.669, 6.467471, 0.016663, -0.038315, -1.012009, 0.999901, -0.004672, -0.013258, 0.005194, 0.999202, 0.039601, 0.013062, -0.039666, 0.999128, 285.161591, -1.000000
2012-06-18 21:12:03.701, 6.500180, 0.021362, -0.048019, -1.010956, 0.999902, -0.005157, -0.013007, 0.005668, 0.999198, 0.039629, 0.012792, -0.039699, 0.999130, 285.161591, -1.000000
2012-06-18 21:12:03.733, 6.531751, 0.018219, -0.048004, -0.989258, 0.999895, -0.005622, -0.013376, 0.006151, 0.999186, 0.039877, 0.013141, -0.039955, 0.999115, 285.161591, -1.000000
2012-06-18 21:12:03.764, 6.563027, 0.015381, -0.048096, -0.998199, 0.999894, -0.006025, -0.013231, 0.006554, 0.999167, 0.040284, 0.012978, -0.040367, 0.999101, 285.161591, -1.000000
2012-06-18 21:12:03.796, 6.595109, 0.012009, -0.028610, -1.013077, 0.999892, -0.006084, -0.013406, 0.006631, 0.999130, 0.041172, 0.013144, -0.041257, 0.999062, 285.161591, -1.000000
2012-06-18 21:12:03.828, 6.627215, 0.023544, -0.040161, -1.018829, 0.999893, -0.005934, -0.013374, 0.006462, 0.999185, 0.039834, 0.013127, -0.039916, 0.999117, 285.161591, -1.000000
2012-06-18 21:12:03.860, 6.658714, 0.025101, -0.053802, -1.006912, 0.999886, -0.005887, -0.013887, 0.006425, 0.999217, 0.039037, 0.013646, -0.039122, 0.999141, 285.161591, -1.000000
2012-06-18 21:12:03.892, 6.691273, 0.017014, -0.055832, -0.983337, 0.999876, -0.006158, -0.014507, 0.006729, 0.999192, 0.039623, 0.014251, -0.039716, 0.999109, 285.161591, -1.000000
2012-06-18 21:12:03.924, 6.723050, 0.003220, -0.029770, -1.011230, 0.999877, -0.005876, -0.014512, 0.006470, 0.999128, 0.041248, 0.014257, -0.041337, 0.999044, 285.161591, -1.000000
2012-06-18 21:12:03.956, 6.755343, -0.000687, -0.024902, -1.002380, 0.999895, -0.004973, -0.013617, 0.005520, 0.999167, 0.040435, 0.013404, -0.040506, 0.999089, 285.161591, -1.000000
2012-06-18 21:12:03.989, 6.788085, -0.006363, -0.025070, -1.021240, 0.999906, -0.003826, -0.013175, 0.004337, 0.999232, 0.038944, 0.013016, -0.038998, 0.999155, 285.161591, -1.000000
2012-06-18 21:12:04.021, 6.819729, 0.008530, -0.043259, -0.987427, 0.999912, -0.003291, -0.012861, 0.003777, 0.999271, 0.037985, 0.012727, -0.038030, 0.999196, 285.161591, -1.000000
2012-06-18 21:12:04.052, 6.850316, 0.019440, -0.048065, -1.013947, 0.999909, -0.003574, -0.012972, 0.004067, 0.999263, 0.038177, 0.012826, -0.038226, 0.999187, 285.161591, -1.000000
2012-06-18 21:12:04.083, 6.881573, 0.012650, -0.050171, -1.022934, 0.999897, -0.004379, -0.013699, 0.004902, 0.999250, 0.038415, 0.013521, -0.038478, 0.999168, 285.161591, -1.000000
2012-06-18 21:12:04.116, 6.914720, 0.015656, -0.069534, -0.971497, 0.999899, -0.004396, -0.013484, 0.004915, 0.999239, 0.038706, 0.013303, -0.038768, 0.999160, 285.161591, -1.000000
2012-06-18 21:12:04.148, 6.946985, 0.019775, -0.059662, -0.971436, 0.999883, -0.004793, -0.014528, 0.005432, 0.999006, 0.044237, 0.014302, -0.044310, 0.998915, 285.161591, -1.000000
2012-06-18 21:12:04.181, 6.979552, 0.016144, -0.046036, -0.974472, 0.999888, -0.004510, -0.014243, 0.005189, 0.998832, 0.048035, 0.014010, -0.048103, 0.998744, 285.161591, -1.000000
2012-06-18 21:12:04.213, 7.012010, 0.012299, -0.032318, -0.953781, 0.999906, -0.003360, -0.013325, 0.004009, 0.998791, 0.048988, 0.013144, -0.049037, 0.998711, 285.161591, -1.000000
2012-06-18 21:12:04.247, 7.045774, 0.005600, -0.024582, -0.948944, 0.999913, -0.001619, -0.013111, 0.002280, 0.998720, 0.050537, 0.013012, -0.050562, 0.998636, 285.161591, -1.000000
2012-06-18 21:12:04.279, 7.077834, 0.000854, -0.025711, -0.963821, 0.999923, -0.000134, -0.012446, 0.000762, 0.998727, 0.050435, 0.012424, -0.050440, 0.998650, 285.161591, -1.000000
2012-06-18 21:12:04.312, 7.111293, 0.009995, -0.045074, -0.942932, 0.999936, 0.000874, -0.011324, -0.000327, 0.998838, 0.048198, 0.011353, -0.048191, 0.998774, 285.161591, -1.000000
2012-06-18 21:12:04.346, 7.144575, 0.011719, -0.057770, -0.945847, 0.999934, 0.000834, -0.011488, -0.000272, 0.998805, 0.048865, 0.011515, -0.048859, 0.998739, 285.161591, -1.000000
2012-06-18 21:12:04.378, 7.176894, 0.016998, -0.046951, -0.964569, 0.999930, 0.000361, -0.011858, 0.000225, 0.998782, 0.049348, 0.011861, -0.049348, 0.998711, 285.161591, -1.000000
2012-06-18 21:12:04.412, 7.210343, 0.006027, -0.049072, -0.942993, 0.999917, 0.000433, -0.012882, 0.000203, 0.998783, 0.049321, 0.012888, -0.049320, 0.998700, 285.161591, -1.000000
2012-06-18 21:12:04.444, 7.242881, 0.006882, -0.051941, -0.936066, 0.999914, 0.000636, -0.013137, 0.000013, 0.998782, 0.049340, 0.013152, -0.049336, 0.998696, 285.161591, -1.000000
2012-06-18 21:12:04.476, 7.274883, 0.009155, -0.038223, -0.942947, 0.999917, 0.001212, -0.012794, -0.000571, 0.998751, 0.049971, 0.012838, -0.049960, 0.998669, 285.161591, -1.000000
2012-06-18 21:12:04.508, 7.306580, 0.008499, -0.028458, -0.954819, 0.999923, 0.002162, -0.012223, -0.001565, 0.998816, 0.048617, 0.012314, -0.048594, 0.998743, 285.161591, -1.000000
2012-06-18 21:12:04.539, 7.337874, -0.000916, -0.024826, -0.979645, 0.999920, 0.003131, -0.012253, -0.002550, 0.998887, 0.047104, 0.012387, -0.047069, 0.998815, 285.161591, -1.000000
2012-06-18 21:12:04.572, 7.370799, 0.016663, -0.050797, -0.937897, 0.999929, 0.003369, -0.011398, -0.002852, 0.998980, 0.045060, 0.011538, -0.045024, 0.998919, 285.161591, -1.000000
2012-06-18 21:12:04.604, 7.402787, 0.027634, -0.072021, -0.907074, 0.999926, 0.002566, -0.011930, -0.002008, 0.998913, 0.046571, 0.012037, -0.046543, 0.998844, 285.161591, -1.000000
2012-06-18 21:12:04.636, 7.434814, 0.017166, -0.065414, -0.919098, 0.999919, 0.001831, -0.012610, -0.001213, 0.998808, 0.048804, 0.012684, -0.048784, 0.998729, 285.161591, -1.000000
2012-06-18 21:12:04.670, 7.466785, 0.014465, -0.052719, -0.918152, 0.999911, 0.001910, -0.013186, -0.001244, 0.998729, 0.050384, 0.013266, -0.050363, 0.998643, 285.161591, -1.000000
2012-06-18 21:12:04.699, 7.497682, 0.001602, -0.030563, -0.951935, 0.999907, 0.002684, -0.013335, -0.001999, 0.998693, 0.051065, 0.013455, -0.051034, 0.998606, 285.161591, -1.000000
2012-06-18 21:12:04.731, 7.529246, 0.002213, -0.037308, -0.927246, 0.999910, 0.004274, -0.012716, -0.003634, 0.998743, 0.049998, 0.012913, -0.049948, 0.998668, 285.161591, -1.000000
2012-06-18 21:12:04.763, 7.561485, 0.007645, -0.042969, -0.899490, 0.999917, 0.005045, -0.011826, -0.004438, 0.998700, 0.050773, 0.012067, -0.050716, 0.998640, 285.161591, -1.000000
2012-06-18 21:12:04.795, 7.593345, -0.001999, -0.039261, -0.901596, 0.999917, 0.005045, -0.011826, -0.004438, 0.998700, 0.050773, 0.012067, -0.050716, 0.998640, 285.161591, -1.000000
2012-06-18 21:12:04.826, 7.625239, 0.014435, -0.051727, -0.911240, 0.999922, 0.005527, -0.011182, -0.004932, 0.998607, 0.052530, 0.011457, -0.052470, 0.998557, 285.161591, -1.000000
2012-06-18 21:12:04.859, 7.657595, 0.015015, -0.056503, -0.883545, 0.999925, 0.005223, -0.011078, -0.004623, 0.998560, 0.053453, 0.011342, -0.053397, 0.998509, 285.161591, -1.000000
2012-06-18 21:12:04.890, 7.688808, 0.018021, -0.061417, -0.900314, 0.999925, 0.005223, -0.011078, -0.004623, 0.998560, 0.053453, 0.011342, -0.053397, 0.998509, 285.161591, -1.000000
2012-06-18 21:12:04.924, 7.722567, 0.012497, -0.047806, -0.905334, 0.999926, 0.005780, -0.010669, -0.005185, 0.998474, 0.054975, 0.010971, -0.054916, 0.998431, 285.161591, -1.000000
2012-06-18 21:12:04.956, 7.755077, 0.000412, -0.031479, -0.931213, 0.999915, 0.006752, -0.011112, -0.006129, 0.998461, 0.055121, 0.011467, -0.055048, 0.998418, 285.161591, -1.000000
2012-06-18 21:12:04.989, 7.787447, 0.004120, -0.038254, -0.927216, 0.999915, 0.006752, -0.011112, -0.006129, 0.998461, 0.055121, 0.011467, -0.055048, 0.998418, 285.161591, -1.000000
2012-06-18 21:12:05.022, 7.821246, 0.003799, -0.054916, -0.927200, 0.999913, 0.008185, -0.010311, -0.007635, 0.998603, 0.052288, 0.010725, -0.052205, 0.998579, 285.161591, -1.000000
2012-06-18 21:12:05.054, 7.852641, 0.000732, -0.052948, -0.910431, 0.999914, 0.008461, -0.010048, -0.007924, 0.998597, 0.052353, 0.010477, -0.052269, 0.998578, 285.161591, -1.000000
2012-06-18 21:12:05.086, 7.885248, 0.000549, -0.038437, -0.957901, 0.999914, 0.008461, -0.010048, -0.007924, 0.998597, 0.052353, 0.010477, -0.052269, 0.998578, 285.161591, -1.000000
2012-06-18 21:12:05.119, 7.917519, 0.002808, -0.065781, -0.946976, 0.999912, 0.008738, -0.010020, -0.008211, 0.998643, 0.051425, 0.010455, -0.051338, 0.998627, 285.161591, -1.000000
2012-06-18 21:12:05.152, 7.950663, 0.013794, -0.058762, -0.959671, 0.999910, 0.007747, -0.010946, -0.007209, 0.998803, 0.048373, 0.011308, -0.048290, 0.998769, 285.161591, -1.000000
2012-06-18 21:12:05.183, 7.982267, 0.011490, -0.065598, -0.938919, 0.999910, 0.007747, -0.010946, -0.007209, 0.998803, 0.048373, 0.011308, -0.048290, 0.998769, 285.161591, -1.000000
2012-06-18 21:12:05.216, 8.014469, 0.012863, -0.053848, -0.953751, 0.999913, 0.006844, -0.011299, -0.006272, 0.998733, 0.049924, 0.011626, -0.049849, 0.998689, 285.161591, -1.000000
2012-06-18 21:12:05.248, 8.046355, 0.013824, -0.046936, -0.939926, 0.999907, 0.006238, -0.012088, -0.005613, 0.998679, 0.051081, 0.012391, -0.051008, 0.998621, 285.161591, -1.000000
2012-06-18 21:12:05.281, 8.079963, 0.009354, -0.040253, -0.966644, 0.999907, 0.006238, -0.012088, -0.005613, 0.998679, 0.051081, 0.012391, -0.051008, 0.998621, 285.161591, -1.000000
2012-06-18 21:12:05.313, 8.111976, 0.011398, -0.054703, -0.908310, 0.999906, 0.006624, -0.012018, -0.006000, 0.998667, 0.051257, 0.012341, -0.051180, 0.998613, 285.161591, -1.000000
2012-06-18 21:12:05.345, 8.143903, 0.014084, -0.062454, -0.898392, 0.999915, 0.006883, -0.011093, -0.006299, 0.998635, 0.051845, 0.011435, -0.051771, 0.998594, 285.161591, -1.000000
2012-06-18 21:12:05.378, 8.176587, 0.007812, -0.051910, -0.932098, 0.999914, 0.006900, -0.011170, -0.006279, 0.998483, 0.054696, 0.011530, -0.054622, 0.998441, 285.161591, -1.000000
2012-06-18 21:12:05.410, 8.208495, 0.008621, -0.051849, -0.915283, 0.999909, 0.007573, -0.011144, -0.006941, 0.998423, 0.055701, 0.011548, -0.055619, 0.998385, 285.161591, -1.000000
2012-06-18 21:12:05.443, 8.241351, 0.000122, -0.044205, -0.927261, 0.999909, 0.007887, -0.010981, -0.007264, 0.998422, 0.055688, 0.011403, -0.055603, 0.998388, 285.161591, -1.000000
2012-06-18 21:12:05.474, 8.273022, 0.002197, -0.039291, -0.930206, 0.999906, 0.008273, -0.010965, -0.007635, 0.998345, 0.057004, 0.011419, -0.056915, 0.998314, 285.161591, -1.000000
2012-06-18 21:12:05.506, 8.304353, 0.013931, -0.038101, -0.933990, 0.999908, 0.008953, -0.010178, -0.008367, 0.998384, 0.056209, 0.010665, -0.056118, 0.998367, 285.161591, -1.000000
2012-06-18 21:12:05.536, 8.334928, 0.015457, -0.053680, -0.922089, 0.999914, 0.008984, -0.009567, -0.008447, 0.998464, 0.054758, 0.010044, -0.054673, 0.998454, 285.161591, -1.000000
2012-06-18 21:12:05.569, 8.367906, 0.017761, -0.073166, -0.898331, 0.999913, 0.008911, -0.009734, -0.008359, 0.998431, 0.055361, 0.010212, -0.055275, 0.998419, 285.161591, -1.000000
2012-06-18 21:12:05.601, 8.399509, -0.002243, -0.059906, -0.915421, 0.999924, 0.008698, -0.008783, -0.008193, 0.998400, 0.055953, 0.009256, -0.055876, 0.998395, 285.161591, -1.000000
2012-06-18 21:12:05.633, 8.431431, -0.003571, -0.039429, -0.939163, 0.999925, 0.009465, -0.007801, -0.009007, 0.998349, 0.056724, 0.008325, -0.056649, 0.998359, 285.161591, -1.000000
2012-06-18 21:12:05.665, 8.464009, 0.004440, -0.038361, -0.957855, 0.999914, 0.010985, -0.007229, -0.010569, 0.998417, 0.055241, 0.007825, -0.055160, 0.998447, 285.161591, -1.000000
2012-06-18 21:12:05.698, 8.497337, 0.002930, -0.050018, -0.928223, 0.999905, 0.012165, -0.006540, -0.011804, 0.998542, 0.052670, 0.007171, -0.052588, 0.998591, 285.161591, -1.000000
2012-06-18 21:12:05.730, 8.528877, 0.000870, -0.052994, -0.923279, 0.999905, 0.012344, -0.006057, -0.012007, 0.998536, 0.052750, 0.006699, -0.052672, 0.998589, 285.161591, -1.000000
2012-06-18 21:12:05.762, 8.560901, 0.008392, -0.056702, -0.904404, 0.999904, 0.012500, -0.006059, -0.012160, 0.998508, 0.053230, 0.006715, -0.053151, 0.998564, 285.161591, -1.000000
2012-06-18 21:12:05.795, 8.593361, 0.004944, -0.047058, -0.928192, 0.999906, 0.012473, -0.005776, -0.012145, 0.998484, 0.053690, 0.006436, -0.053615, 0.998541, 285.161591, -1.000000
2012-06-18 21:12:05.826, 8.624646, -0.001740, -0.038376, -0.925308, 0.999905, 0.012796, -0.005080, -0.012510, 0.998528, 0.052780, 0.005748, -0.052712, 0.998593, 285.161591, -1.000000
2012-06-18 21:12:05.858, 8.657139, -0.000839, -0.042267, -0.926300, 0.999900, 0.013423, -0.004428, -0.013178, 0.998593, 0.051372, 0.005112, -0.051308, 0.998670, 285.161591, -1.000000
2012-06-18 21:12:05.890, 8.688499, 0.008972, -0.042099, -0.933060, 0.999896, 0.013661, -0.004542, -0.013413, 0.998625, 0.050672, 0.005228, -0.050605, 0.998705, 285.161591, -1.000000
2012-06-18 21:12:05.922, 8.720484, 0.007233, -0.044159, -0.954834, 0.999895, 0.013333, -0.005619, -0.013035, 0.998658, 0.050132, 0.006280, -0.050054, 0.998727, 285.161591, -1.000000
2012-06-18 21:12:05.953, 8.751731, 0.005005, -0.052017, -0.943008, 0.999891, 0.013284, -0.006494, -0.012950, 0.998718, 0.048939, 0.007136, -0.048850, 0.998781, 285.161591, -1.000000
2012-06-18 21:12:05.985, 8.784080, 0.002853, -0.059875, -0.938080, 0.999893, 0.013126, -0.006412, -0.012799, 0.998740, 0.048527, 0.007041, -0.048440, 0.998801, 285.161591, -1.000000
2012-06-18 21:12:06.017, 8.816016, 0.001328, -0.040329, -0.943054, 0.999891, 0.013257, -0.006458, -0.012927, 0.998731, 0.048681, 0.007095, -0.048592, 0.998793, 285.161591, -1.000000
2012-06-18 21:12:06.049, 8.847526, -0.000580, -0.040375, -0.948013, 0.999891, 0.013421, -0.006208, -0.013102, 0.998723, 0.048792, 0.006855, -0.048705, 0.998790, 285.161591, -1.000000
2012-06-18 21:12:06.081, 8.880238, 0.012695, -0.052811, -0.935959, 0.999886, 0.013732, -0.006224, -0.013414, 0.998736, 0.048444, 0.006881, -0.048355, 0.998807, 285.161591, -1.000000
2012-06-18 21:12:06.113, 8.912020, 0.008499, -0.059692, -0.919220, 0.999883, 0.013792, -0.006553, -0.013453, 0.998697, 0.049225, 0.007223, -0.049131, 0.998766, 285.161591, -1.000000
2012-06-18 21:12:06.145, 8.943423, 0.005539, -0.059738, -0.914322, 0.999881, 0.013907, -0.006672, -0.013549, 0.998607, 0.050993, 0.007372, -0.050896, 0.998677, 285.161591, -1.000000
2012-06-18 21:12:06.176, 8.975183, -0.006378, -0.037537, -0.947128, 0.999876, 0.014407, -0.006410, -0.014053, 0.998540, 0.052151, 0.007152, -0.052054, 0.998619, 285.161591, -1.000000
2012-06-18 21:12:06.209, 9.007567, -0.010544, -0.017166, -0.978806, 0.999855, 0.015883, -0.006173, -0.015552, 0.998608, 0.050404, 0.006965, -0.050300, 0.998710, 285.161591, -1.000000
2012-06-18 21:12:06.241, 9.040184, 0.000320, -0.044266, -0.946030, 0.999843, 0.016809, -0.005678, -0.016520, 0.998729, 0.047609, 0.006471, -0.047508, 0.998850, 285.161591, -1.000000
2012-06-18 21:12:06.275, 9.073613, 0.009705, -0.057800, -0.939957, 0.999850, 0.016368, -0.005604, -0.016085, 0.998750, 0.047333, 0.006371, -0.047235, 0.998863, 285.161591, -1.000000
2012-06-18 21:12:06.307, 9.105779, 0.010269, -0.047134, -0.974548, 0.999857, 0.015849, -0.005913, -0.015555, 0.998780, 0.046864, 0.006648, -0.046765, 0.998884, 285.161591, -1.000000
2012-06-18 21:12:06.340, 9.138975, 0.001495, -0.049271, -0.977631, 0.999855, 0.015614, -0.006809, -0.015289, 0.998850, 0.045435, 0.007510, -0.045325, 0.998944, 285.161591, -1.000000
2012-06-18 21:12:06.372, 9.171384, 0.010284, -0.053055, -0.989349, 0.999853, 0.015330, -0.007710, -0.014973, 0.998898, 0.044476, 0.008383, -0.044354, 0.998981, 285.161591, -1.000000
2012-06-18 21:12:06.405, 9.204058, 0.016190, -0.053925, -0.995209, 0.999854, 0.015018, -0.008166, -0.014659, 0.998996, 0.042329, 0.008794, -0.042203, 0.999070, 285.161591, -1.000000
2012-06-18 21:12:06.439, 9.237497, 0.008469, -0.052139, -0.998291, 0.999850, 0.014677, -0.009216, -0.014279, 0.999020, 0.041899, 0.009822, -0.041761, 0.999079, 285.161591, -1.000000
2012-06-18 21:12:06.471, 9.269945, 0.001099, -0.041565, -1.018158, 0.999847, 0.014459, -0.009895, -0.014031, 0.999016, 0.042065, 0.010494, -0.041920, 0.999066, 285.161591, -1.000000
2012-06-18 21:12:06.503, 9.302399, 0.008698, -0.042358, -1.003220, 0.999849, 0.014371, -0.009724, -0.013960, 0.999059, 0.041075, 0.010305, -0.040933, 0.999109, 285.161591, -1.000000
2012-06-18 21:12:06.536, 9.335306, 0.008636, -0.047256, -1.006195, 0.999849, 0.014070, -0.010209, -0.013631, 0.999028, 0.041918, 0.010789, -0.041773, 0.999069, 285.161591, -1.000000
2012-06-18 21:12:06.569, 9.367953, 0.005722, -0.040405, -0.992401, 0.999852, 0.013881, -0.010171, -0.013445, 0.999038, 0.041744, 0.010741, -0.041601, 0.999077, 285.161591, -1.000000
2012-06-18 21:12:06.600, 9.399236, 0.012711, -0.038376, -1.007111, 0.999854, 0.013503, -0.010497, -0.013056, 0.999050, 0.041585, 0.011048, -0.041441, 0.999080, 285.161591, -1.000000
2012-06-18 21:12:06.634, 9.432748, 0.012894, -0.039413, -1.026886, 0.999855, 0.013101, -0.010856, -0.012654, 0.999110, 0.040229, 0.011373, -0.040086, 0.999132, 285.161591, -1.000000
2012-06-18 21:12:06.668, 9.466494, 0.019135, -0.059814, -1.007004, 0.999851, 0.012353, -0.012054, -0.011863, 0.999133, 0.039905, 0.012536, -0.039756, 0.999131, 285.161591, -1.000000
2012-06-18 21:12:06.699, 9.498019, 0.022125, -0.061752, -1.015854, 0.999848, 0.011404, -0.013152, -0.010858, 0.999107, 0.040839, 0.013606, -0.040690, 0.999079, 285.161591, -1.000000
2012-06-18 21:12:06.732, 9.531264, 0.017410, -0.050049, -1.011017, 0.999838, 0.011502, -0.013855, -0.010929, 0.999109, 0.040775, 0.014311, -0.040617, 0.999072, 285.161591, -1.000000
2012-06-18 21:12:06.766, 9.564412, 0.011276, -0.031677, -1.045685, 0.999823, 0.012212, -0.014333, -0.011629, 0.999128, 0.040113, 0.014811, -0.039939, 0.999092, 285.161591, -1.000000
2012-06-18 21:12:06.798, 9.597196, 0.024612, -0.046112, -1.039566, 0.999807, 0.013121, -0.014629, -0.012545, 0.999167, 0.038825, 0.015127, -0.038634, 0.999139, 285.161591, -1.000000
2012-06-18 21:12:06.830, 9.629332, 0.016342, -0.053970, -1.010025, 0.999794, 0.013329, -0.015291, -0.012716, 0.999140, 0.039471, 0.015803, -0.039269, 0.999104, 285.161591, -1.000000
2012-06-18 21:12:06.863, 9.661423, 0.001160, -0.034698, -1.012222, 0.999794, 0.013673, -0.014969, -0.013039, 0.999046, 0.041682, 0.015525, -0.041479, 0.999019, 285.161591, -1.000000
2012-06-18 21:12:06.895, 9.693481, -0.002533, -0.025955, -1.015259, 0.999793, 0.014403, -0.014380, -0.013800, 0.999058, 0.041151, 0.014959, -0.040944, 0.999049, 285.161591, -1.000000
2012-06-18 21:12:06.927, 9.725866, -0.001343, -0.027985, -1.039948, 0.999794, 0.014874, -0.013781, -0.014314, 0.999100, 0.039933, 0.014362, -0.039728, 0.999107, 285.161591, -1.000000
2012-06-18 21:12:06.960, 9.758612, 0.002319, -0.034744, -1.030991, 0.999794, 0.014874, -0.013781, -0.014314, 0.999100, 0.039933, 0.014362, -0.039728, 0.999107, 285.161591, -1.000000
2012-06-18 21:12:06.992, 9.791427, -0.002350, -0.031937, -1.044907, 0.999824, 0.013838, -0.012671, -0.013358, 0.999219, 0.037186, 0.013176, -0.037010, 0.999228, 285.161591, -1.000000
2012-06-18 21:12:07.025, 9.823897, 0.005875, -0.025009, -1.073441, 0.999841, 0.013191, -0.011994, -0.012760, 0.999293, 0.035367, 0.012452, -0.035208, 0.999302, 285.161591, -1.000000
2012-06-18 21:12:07.057, 9.855491, 0.029755, -0.040161, -1.054321, 0.999841, 0.013191, -0.011994, -0.012760, 0.999293, 0.035367, 0.012452, -0.035208, 0.999302, 285.161591, -1.000000
2012-06-18 21:12:07.090, 9.888475, 0.021835, -0.044220, -1.050476, 0.999882, 0.010308, -0.011381, -0.009944, 0.999452, 0.031563, 0.011700, -0.031446, 0.999437, 285.161591, -1.000000
2012-06-18 21:12:07.121, 9.920311, 0.020203, -0.039444, -1.073227, 0.999891, 0.009554, -0.011235, -0.009205, 0.999486, 0.030723, 0.011523, -0.030616, 0.999465, 285.161591, -1.000000
2012-06-18 21:12:07.153, 9.952029, 0.028809, -0.040207, -1.057297, 0.999891, 0.009554, -0.011235, -0.009205, 0.999486, 0.030723, 0.011523, -0.030616, 0.999465, 285.161591, -1.000000
2012-06-18 21:12:07.186, 9.984229, 0.027374, -0.024612, -1.078079, 0.999895, 0.008950, -0.011389, -0.008611, 0.999526, 0.029549, 0.011648, -0.029448, 0.999498, 285.161591, -1.000000
2012-06-18 21:12:07.217, 10.016026, 0.026596, -0.020752, -1.090927, 0.999878, 0.009286, -0.012556, -0.008948, 0.999602, 0.026748, 0.012799, -0.026632, 0.999563, 285.161591, -1.000000
2012-06-18 21:12:07.248, 10.047385, 0.021851, -0.044235, -1.052444, 0.999878, 0.009286, -0.012556, -0.008948, 0.999602, 0.026748, 0.012799, -0.026632, 0.999563, 285.161591, -1.000000
2012-06-18 21:12:07.280, 10.079398, 0.001755, -0.036865, -1.074478, 0.999860, 0.009502, -0.013787, -0.009140, 0.999619, 0.026044, 0.014029, -0.025915, 0.999566, 285.161591, -1.000000
2012-06-18 21:12:07.313, 10.111895, -0.011780, -0.008896, -1.128052, 0.999850, 0.009844, -0.014260, -0.009457, 0.999592, 0.026956, 0.014519, -0.026817, 0.999535, 285.161591, -1.000000
2012-06-18 21:12:07.345, 10.144074, 0.005524, -0.013412, -1.112991, 0.999824, 0.010861, -0.015313, -0.010475, 0.999632, 0.025040, 0.015579, -0.024876, 0.999569, 285.161591, -1.000000
2012-06-18 21:12:07.376, 10.175235, 0.015564, -0.035675, -1.090103, 0.999806, 0.011395, -0.016062, -0.011024, 0.999675, 0.022975, 0.016319, -0.022793, 0.999607, 285.161591, -1.000000
2012-06-18 21:12:07.407, 10.206333, 0.018723, -0.033707, -1.108841, 0.999797, 0.011230, -0.016706, -0.010859, 0.999696, 0.022134, 0.016950, -0.021948, 0.999615, 285.161591, -1.000000
2012-06-18 21:12:07.441, 10.239426, 0.040543, -0.051819, -1.081833, 0.999798, 0.010675, -0.017013, -0.010296, 0.999701, 0.022181, 0.017244, -0.022002, 0.999609, 285.161591, -1.000000
2012-06-18 21:12:07.473, 10.271684, 0.023453, -0.032593, -1.089981, 0.999798, 0.009726, -0.017612, -0.009288, 0.999650, 0.024766, 0.017847, -0.024597, 0.999538, 285.161591, -1.000000
2012-06-18 21:12:07.505, 10.303613, 0.015717, -0.017975, -1.070343, 0.999795, 0.009254, -0.018021, -0.008781, 0.999619, 0.026156, 0.018257, -0.025992, 0.999495, 221.142624, 25.000000
2012-06-18 21:12:07.537, 10.335812, -0.001892, -0.015320, -1.057739, 0.999791, 0.009863, -0.017894, -0.009383, 0.999598, 0.026755, 0.018150, -0.026582, 0.999482, 221.142624, 25.000000
2012-06-18 21:12:07.569, 10.367836, -0.006561, -0.007599, -1.062759, 0.999811, 0.010861, -0.016103, -0.010428, 0.999587, 0.026768, 0.016387, -0.026595, 0.999512, 221.142624, 25.000000
2012-06-18 21:12:07.600, 10.398819, -0.000595, -0.009491, -1.078476, 0.999830, 0.011288, -0.014589, -0.010890, 0.999575, 0.027048, 0.014888, -0.026885, 0.999528, 221.142624, 25.000000
2012-06-18 21:12:07.631, 10.430010, 0.004898, -0.018127, -1.059631, 0.999851, 0.010865, -0.013380, -0.010516, 0.999609, 0.025894, 0.013656, -0.025749, 0.999575, 221.142624, 25.000000
2012-06-18 21:12:07.663, 10.461526, 0.009598, -0.031799, -1.070419, 0.999871, 0.009559, -0.012941, -0.009226, 0.999630, 0.025601, 0.013181, -0.025479, 0.999588, 221.142624, 25.000000
2012-06-18 21:12:07.695, 10.494079, 0.014954, -0.043350, -1.045639, 0.999892, 0.008024, -0.012300, -0.007705, 0.999638, 0.025790, 0.012502, -0.025692, 0.999592, 221.142624, 25.000000
2012-06-18 21:12:07.727, 10.525709, 0.011765, -0.024933, -1.079285, 0.999898, 0.006578, -0.012648, -0.006231, 0.999609, 0.027274, 0.012823, -0.027193, 0.999548, 221.142624, 25.000000
2012-06-18 21:12:07.758, 10.557474, 0.012894, -0.015091, -1.074326, 0.999906, 0.006047, -0.012294, -0.005719, 0.999632, 0.026522, 0.012450, -0.026449, 0.999573, 221.142624, 25.000000
2012-06-18 21:12:07.800, 10.599288, 0.021957, -0.012039, -1.095947, 0.999918, 0.005596, -0.011513, -0.005307, 0.999675, 0.024925, 0.011649, -0.024861, 0.999623, 221.142624, 25.000000
2012-06-18 21:12:07.823, 10.621476, 0.027283, -0.033463, -1.084991, 0.999928, 0.005002, -0.010917, -0.004751, 0.999726, 0.022905, 0.011029, -0.022852, 0.999678, 221.142624, 25.000000
2012-06-18 21:12:07.855, 10.654246, 0.030533, -0.049942, -1.054306, 0.999936, 0.004020, -0.010563, -0.003783, 0.999743, 0.022335, 0.010650, -0.022293, 0.999695, 221.142624, 25.000000
2012-06-18 21:12:07.888, 10.686455, 0.015182, -0.043427, -1.067383, 0.999935, 0.002960, -0.011023, -0.002693, 0.999705, 0.024158, 0.011092, -0.024127, 0.999647, 221.142624, 25.000000
2012-06-18 21:12:07.920, 10.718857, 0.003235, -0.016296, -1.086319, 0.999925, 0.003666, -0.011700, -0.003374, 0.999685, 0.024853, 0.011787, -0.024812, 0.999623, 221.142624, 25.000000
2012-06-18 21:12:07.952, 10.751122, 0.005249, -0.013321, -1.085312, 0.999915, 0.005144, -0.011986, -0.004849, 0.999687, 0.024538, 0.012109, -0.024478, 0.999627, 221.142624, 25.000000
2012-06-18 21:12:07.983, 10.782400, 0.003189, -0.013336, -1.075439, 0.999909, 0.006300, -0.011928, -0.006012, 0.999694, 0.024014, 0.012076, -0.023940, 0.999640, 221.142624, 25.000000
2012-06-18 21:12:08.016, 10.814585, 0.001144, -0.014313, -1.067581, 0.999901, 0.007410, -0.011929, -0.007119, 0.999680, 0.024261, 0.012105, -0.024174, 0.999634, 221.142624, 25.000000
2012-06-18 21:12:08.047, 10.846017, 0.009674, -0.022934, -1.060532, 0.999909, 0.008004, -0.010828, -0.007741, 0.999679, 0.024135, 0.011018, -0.024049, 0.999650, 221.142624, 25.000000
2012-06-18 21:12:08.078, 10.877108, 0.005859, -0.022064, -1.066528, 0.999907, 0.008206, -0.010897, -0.007934, 0.999662, 0.024750, 0.011096, -0.024661, 0.999634, 221.142624, 25.000000
2012-06-18 21:12:08.110, 10.908614, 0.007858, -0.025986, -1.078354, 0.999901, 0.008682, -0.011117, -0.008410, 0.999668, 0.024339, 0.011324, -0.024243, 0.999642, 221.142624, 25.000000
2012-06-18 21:12:08.143, 10.941424, 0.016602, -0.031723, -1.087128, 0.999891, 0.008655, -0.011996, -0.008360, 0.999668, 0.024371, 0.012203, -0.024268, 0.999631, 221.142624, 25.000000
2012-06-18 21:12:08.174, 10.972468, 0.018448, -0.032654, -1.080170, 0.999880, 0.008716, -0.012819, -0.008398, 0.999660, 0.024671, 0.013029, -0.024560, 0.999613, 221.142624, 25.000000
2012-06-18 21:12:08.205, 11.004220, 0.016754, -0.021912, -1.082184, 0.999863, 0.009020, -0.013845, -0.008664, 0.999636, 0.025553, 0.014070, -0.025429, 0.999578, 221.142624, 25.000000
2012-06-18 21:12:08.236, 11.035259, 0.009506, -0.030777, -1.059555, 0.999863, 0.009020, -0.013845, -0.008664, 0.999636, 0.025553, 0.014070, -0.025429, 0.999578, 221.142624, 25.000000
2012-06-18 21:12:08.269, 11.068196, 0.016449, -0.026749, -1.061432, 0.999873, 0.009835, -0.012513, -0.009498, 0.999598, 0.026699, 0.012771, -0.026577, 0.999565, 221.142624, 25.000000
2012-06-18 21:12:08.302, 11.101198, 0.014465, -0.030716, -1.068375, 0.999873, 0.009771, -0.012578, -0.009429, 0.999592, 0.026966, 0.012837, -0.026844, 0.999557, 221.142624, 25.000000
2012-06-18 21:12:08.335, 11.133982, -0.000549, -0.007538, -1.078476, 0.999873, 0.009771, -0.012578, -0.009429, 0.999592, 0.026966, 0.012837, -0.026844, 0.999557, 221.142624, 25.000000
2012-06-18 21:12:08.368, 11.166652, 0.017151, -0.009232, -1.097992, 0.999872, 0.009962, -0.012551, -0.009626, 0.999601, 0.026548, 0.012810, -0.026423, 0.999569, 221.142624, 25.000000
2012-06-18 21:12:08.400, 11.198796, 0.013092, -0.022079, -1.107910, 0.999857, 0.010466, -0.013282, -0.010157, 0.999680, 0.023148, 0.013520, -0.023010, 0.999644, 221.142624, 25.000000
2012-06-18 21:12:08.433, 11.231529, 0.023254, -0.059799, -1.027710, 0.999857, 0.010466, -0.013282, -0.010157, 0.999680, 0.023148, 0.013520, -0.023010, 0.999644, 221.142624, 25.000000
2012-06-18 21:12:08.464, 11.262875, 0.014572, -0.034698, -1.085159, 0.999856, 0.009581, -0.014031, -0.009239, 0.999663, 0.024271, 0.014259, -0.024138, 0.999607, 221.142624, 25.000000
2012-06-18 21:12:08.496, 11.295150, 0.012787, -0.023956, -1.081253, 0.999853, 0.009636, -0.014156, -0.009284, 0.999652, 0.024684, 0.014389, -0.024549, 0.999595, 221.142624, 25.000000
2012-06-18 21:12:08.528, 11.326650, 0.012299, -0.011292, -1.105957, 0.999853, 0.009636, -0.014156, -0.009284, 0.999652, 0.024684, 0.014389, -0.024549, 0.999595, 221.142624, 25.000000
2012-06-18 21:12:08.561, 11.359798, 0.015869, -0.018997, -1.088120, 0.999838, 0.010453, -0.014643, -0.010099, 0.999659, 0.024084, 0.014890, -0.023932, 0.999603, 221.142624, 25.000000
2012-06-18 21:12:08.593, 11.392127, 0.019394, -0.032623, -1.075211, 0.999851, 0.010381, -0.013827, -0.010065, 0.999691, 0.022710, 0.014059, -0.022568, 0.999646, 221.142624, 25.000000
2012-06-18 21:12:08.625, 11.424084, 0.018311, -0.033569, -1.067337, 0.999851, 0.009777, -0.014252, -0.009439, 0.999678, 0.023555, 0.014477, -0.023417, 0.999621, 221.142624, 25.000000
2012-06-18 21:12:08.657, 11.455599, 0.032028, -0.037277, -1.078995, 0.999855, 0.009305, -0.014268, -0.008954, 0.999660, 0.024486, 0.014491, -0.024355, 0.999598, 221.142624, 25.000000
2012-06-18 21:12:08.690, 11.488261, 0.020157, -0.010178, -1.107819, 0.999851, 0.009089, -0.014691, -0.008720, 0.999649, 0.025012, 0.014913, -0.024880, 0.999579, 221.142624, 25.000000
2012-06-18 21:12:08.722, 11.520579, 0.004425, -0.013397, -1.099167, 0.999842, 0.009237, -0.015209, -0.008856, 0.999650, 0.024936, 0.015434, -0.024798, 0.999573, 221.142624, 25.000000
2012-06-18 21:12:08.755, 11.553370, 0.002319, -0.022247, -1.101151, 0.999839, 0.009868, -0.014965, -0.009515, 0.999678, 0.023507, 0.015192, -0.023360, 0.999612, 218.142624, 25.000000
2012-06-18 21:12:08.788, 11.586423, 0.010162, -0.044464, -1.054596, 0.999845, 0.010318, -0.014268, -0.009984, 0.999680, 0.023236, 0.014503, -0.023090, 0.999628, 215.142624, 25.000000
2012-06-18 21:12:08.820, 11.618672, 0.017242, -0.040466, -1.072296, 0.999851, 0.009710, -0.014258, -0.009347, 0.999637, 0.025263, 0.014498, -0.025126, 0.999579, 213.142624, 25.000000
2012-06-18 21:12:08.852, 11.651157, 0.020782, -0.050125, -1.053467, 0.999857, 0.009128, -0.014231, -0.008729, 0.999573, 0.027891, 0.014480, -0.027763, 0.999510, 211.142624, 25.000000
2012-06-18 21:12:08.885, 11.683549, 0.017212, -0.031586, -1.052521, 0.999864, 0.008889, -0.013896, -0.008471, 0.999518, 0.029855, 0.014155, -0.029733, 0.999458, 208.142624, 25.000000
2012-06-18 21:12:08.917, 11.715912, 0.004913, -0.016159, -1.058640, 0.999867, 0.009208, -0.013443, -0.008770, 0.999442, 0.032224, 0.013733, -0.032101, 0.999390, 207.142624, 25.000000
2012-06-18 21:12:08.949, 11.748351, 0.007187, -0.006378, -1.070465, 0.999853, 0.010840, -0.013256, -0.010409, 0.999430, 0.032127, 0.013597, -0.031984, 0.999396, 206.142624, 25.000000
2012-06-18 21:12:08.981, 11.780139, 0.014389, -0.031677, -1.061447, 0.999830, 0.012141, -0.013895, -0.011694, 0.999425, 0.031837, 0.014274, -0.031669, 0.999397, 205.142624, 25.000000
2012-06-18 21:12:09.015, 11.813487, 0.030640, -0.071350, -1.009811, 0.999831, 0.012655, -0.013345, -0.012232, 0.999434, 0.031337, 0.013734, -0.031169, 0.999420, 203.142624, 25.000000
2012-06-18 21:12:09.045, 11.844341, 0.009766, -0.051239, -1.027924, 0.999820, 0.011906, -0.014787, -0.011370, 0.999295, 0.035791, 0.015203, -0.035617, 0.999250, 203.142624, 25.000000
2012-06-18 21:12:09.078, 11.877428, 0.000580, -0.029907, -1.041885, 0.999834, 0.011586, -0.014078, -0.011045, 0.999220, 0.037918, 0.014506, -0.037757, 0.999182, 203.142624, 25.000000
2012-06-18 21:12:09.110, 11.909167, 0.008652, -0.023941, -1.056595, 0.999838, 0.012158, -0.013307, -0.011640, 0.999199, 0.038296, 0.013762, -0.038135, 0.999178, 203.142624, 25.000000
2012-06-18 21:12:09.143, 11.941786, -0.002457, -0.029938, -1.030075, 0.999838, 0.012680, -0.012800, -0.012191, 0.999220, 0.037564, 0.013266, -0.037402, 0.999212, 203.142624, 25.000000
2012-06-18 21:12:09.175, 11.973465, 0.012909, -0.034485, -1.018982, 0.999842, 0.013266, -0.011874, -0.012809, 0.999205, 0.037746, 0.012366, -0.037588, 0.999217, 203.142624, 25.000000
2012-06-18 21:12:09.208, 12.006317, 0.007980, -0.039490, -1.021027, 0.999852, 0.013111, -0.011168, -0.012672, 0.999179, 0.038469, 0.011663, -0.038322, 0.999197, 203.142624, 25.000000
2012-06-18 21:12:09.240, 12.038437, 0.017471, -0.050064, -1.017929, 0.999861, 0.012708, -0.010766, -0.012282, 0.999175, 0.038706, 0.011249, -0.038569, 0.999193, 203.142624, 25.000000
2012-06-18 21:12:09.272, 12.071282, 0.007904, -0.047348, -1.028931, 0.999869, 0.012045, -0.010848, -0.011610, 0.999162, 0.039245, 0.011311, -0.039114, 0.999171, 203.142624, 25.000000
2012-06-18 21:12:09.304, 12.103358, 0.019653, -0.045197, -1.029755, 0.999866, 0.011889, -0.011252, -0.011431, 0.999138, 0.039902, 0.011717, -0.039768, 0.999140, 203.142624, 25.000000
2012-06-18 21:12:09.337, 12.135928, 0.010117, -0.037537, -1.035828, 0.999864, 0.011523, -0.011767, -0.011045, 0.999142, 0.039918, 0.012217, -0.039783, 0.999134, 203.142624, 25.000000
2012-06-18 21:12:09.370, 12.168974, 0.009293, -0.034653, -1.046707, 0.999865, 0.011324, -0.011932, -0.010843, 0.999153, 0.039694, 0.012371, -0.039559, 0.999141, 203.142624, 25.000000
2012-06-18 21:12:09.403, 12.201581, 0.014954, -0.032516, -1.022919, 0.999868, 0.011548, -0.011426, -0.011097, 0.999187, 0.038771, 0.011865, -0.038639, 0.999183, 203.142624, 25.000000
2012-06-18 21:12:09.436, 12.234613, 0.009171, -0.034622, -1.033859, 0.999872, 0.011447, -0.011212, -0.011007, 0.999199, 0.038484, 0.011643, -0.038356, 0.999196, 203.142624, 25.000000
2012-06-18 21:12:09.469, 12.267469, 0.016449, -0.051056, -1.013992, 0.999875, 0.011231, -0.011164, -0.010795, 0.999207, 0.038337, 0.011585, -0.038212, 0.999202, 203.142624, 25.000000
2012-06-18 21:12:09.501, 12.299866, 0.016785, -0.048203, -1.041656, 0.999874, 0.010873, -0.011575, -0.010421, 0.999207, 0.038432, 0.011984, -0.038307, 0.999194, 203.142624, 25.000000
2012-06-18 21:12:09.533, 12.331711, 0.010895, -0.045364, -1.032837, 0.999875, 0.010257, -0.012050, -0.009787, 0.999213, 0.038440, 0.012435, -0.038317, 0.999188, 203.142624, 25.000000
2012-06-18 21:12:09.565, 12.364436, 0.014511, -0.029739, -1.069351, 0.999871, 0.010102, -0.012467, -0.009616, 0.999214, 0.038448, 0.012846, -0.038323, 0.999183, 203.142624, 25.000000
2012-06-18 21:12:09.599, 12.397775, 0.026581, -0.046066, -1.041519, 0.999864, 0.010444, -0.012729, -0.009962, 0.999253, 0.037338, 0.013110, -0.037206, 0.999222, 203.142624, 25.000000
2012-06-18 21:12:09.631, 12.429634, 0.008865, -0.043381, -1.021011, 0.999856, 0.010503, -0.013309, -0.009999, 0.999251, 0.037382, 0.013692, -0.037243, 0.999212, 203.142624, 25.000000
2012-06-18 21:12:09.663, 12.461832, -0.001495, -0.030899, -1.031052, 0.999852, 0.011038, -0.013177, -0.010523, 0.999201, 0.038556, 0.013592, -0.038412, 0.999170, 203.142624, 25.000000
2012-06-18 21:12:09.696, 12.494614, -0.001160, -0.024109, -1.051804, 0.999855, 0.012095, -0.012011, -0.011631, 0.999209, 0.038037, 0.012462, -0.037892, 0.999204, 203.142624, 25.000000
2012-06-18 21:12:09.728, 12.526939, 0.020569, -0.049088, -1.031723, 0.999850, 0.012792, -0.011668, -0.012347, 0.999222, 0.037454, 0.012138, -0.037304, 0.999230, 203.142624, 25.000000
2012-06-18 21:12:09.761, 12.559317, 0.006454, -0.056107, -0.997314, 0.999848, 0.012459, -0.012190, -0.011975, 0.999165, 0.039057, 0.012666, -0.038905, 0.999163, 203.142624, 25.000000
2012-06-18 21:12:09.791, 12.590191, 0.014130, -0.055908, -0.987335, 0.999857, 0.012035, -0.011865, -0.011515, 0.999009, 0.042996, 0.012370, -0.042853, 0.999005, 203.142624, 25.000000
2012-06-18 21:12:09.824, 12.622513, 0.006531, -0.043289, -0.981537, 0.999863, 0.011892, -0.011499, -0.011344, 0.998847, 0.046642, 0.012040, -0.046505, 0.998846, 203.142624, 25.000000
2012-06-18 21:12:09.855, 12.653904, -0.011383, -0.020203, -0.997589, 0.999857, 0.013026, -0.010753, -0.012486, 0.998731, 0.048794, 0.011374, -0.048653, 0.998751, 203.142624, 25.000000
2012-06-18 21:12:09.887, 12.685702, 0.002899, -0.027679, -0.976654, 0.999856, 0.014381, -0.008995, -0.013934, 0.998757, 0.047859, 0.009672, -0.047726, 0.998814, 203.142624, 25.000000
2012-06-18 21:12:09.919, 12.717516, -0.007278, -0.020187, -1.018295, 0.999857, 0.015263, -0.007273, -0.014904, 0.998775, 0.047191, 0.007984, -0.047076, 0.998859, 203.142624, 25.000000
2012-06-18 21:12:09.950, 12.748531, 0.002060, -0.033661, -1.003311, 0.999851, 0.016258, -0.005871, -0.015982, 0.998894, 0.044224, 0.006584, -0.044124, 0.999004, 203.142624, 25.000000
2012-06-18 21:12:09.982, 12.780923, 0.005081, -0.039551, -1.023056, 0.999855, 0.016135, -0.005519, -0.015884, 0.998958, 0.042795, 0.006204, -0.042701, 0.999069, 203.142624, 25.000000
2012-06-18 21:12:10.014, 12.813157, 0.001434, -0.035767, -1.039902, 0.999858, 0.015824, -0.005765, -0.015576, 0.999048, 0.040746, 0.006404, -0.040650, 0.999153, 203.142624, 25.000000
2012-06-18 21:12:10.046, 12.844596, 0.007736, -0.051239, -1.019058, 0.999863, 0.015462, -0.005984, -0.015219, 0.999135, 0.038705, 0.006577, -0.038609, 0.999233, 203.142624, 25.000000
2012-06-18 21:12:10.078, 12.877161, 0.013260, -0.063858, -1.012024, 0.999874, 0.014536, -0.006375, -0.014279, 0.999151, 0.038651, 0.006931, -0.038555, 0.999232, 203.142624, 25.000000
2012-06-18 21:12:10.112, 12.910742, 0.014496, -0.055054, -1.021927, 0.999876, 0.013950, -0.007364, -0.013645, 0.999110, 0.039909, 0.007915, -0.039804, 0.999176, 203.142624, 25.000000
2012-06-18 21:12:10.143, 12.942342, 0.004318, -0.030762, -1.028992, 0.999870, 0.014330, -0.007373, -0.014027, 0.999115, 0.039645, 0.007934, -0.039537, 0.999187, 203.142624, 25.000000
2012-06-18 21:12:10.177, 12.976018, 0.002304, -0.029800, -1.019135, 0.999860, 0.015210, -0.006935, -0.014927, 0.999120, 0.039203, 0.007525, -0.039094, 0.999207, 203.142624, 25.000000
2012-06-18 21:12:10.210, 13.008656, -0.004822, -0.036743, -1.003418, 0.999857, 0.015862, -0.005859, -0.015619, 0.999101, 0.039412, 0.006478, -0.039315, 0.999206, 203.142624, 25.000000
2012-06-18 21:12:10.242, 13.040734, 0.013260, -0.050034, -0.985382, 0.999863, 0.015956, -0.004501, -0.015757, 0.999027, 0.041181, 0.005153, -0.041104, 0.999142, 203.142624, 25.000000
2012-06-18 21:12:10.274, 13.072707, 0.003342, -0.031769, -1.029007, 0.999862, 0.016020, -0.004473, -0.015822, 0.999028, 0.041138, 0.005128, -0.041062, 0.999143, 203.142624, 25.000000
2012-06-18 21:12:10.305, 13.104124, 0.004303, -0.031738, -1.028015, 0.999862, 0.016020, -0.004473, -0.015822, 0.999028, 0.041138, 0.005128, -0.041062, 0.999143, 203.142624, 25.000000
2012-06-18 21:12:10.338, 13.136642, 0.003769, -0.043396, -0.998367, 0.999846, 0.016970, -0.004509, -0.016784, 0.999117, 0.038520, 0.005159, -0.038438, 0.999248, 203.142624, 25.000000
2012-06-18 21:12:10.370, 13.168382, 0.002960, -0.046448, -1.019135, 0.999841, 0.017067, -0.005238, -0.016847, 0.999072, 0.039646, 0.005910, -0.039552, 0.999200, 203.142624, 25.000000
2012-06-18 21:12:10.402, 13.201112, 0.007782, -0.049301, -1.021027, 0.999841, 0.017067, -0.005238, -0.016847, 0.999072, 0.039646, 0.005910, -0.039552, 0.999200, 203.142624, 25.000000
2012-06-18 21:12:10.435, 13.233672, 0.010925, -0.038467, -1.022964, 0.999825, 0.017533, -0.006491, -0.017265, 0.999077, 0.039321, 0.007175, -0.039202, 0.999206, 203.142624, 25.000000
2012-06-18 21:12:10.467, 13.266349, -0.011902, -0.023315, -1.048981, 0.999803, 0.018777, -0.006401, -0.018519, 0.999094, 0.038318, 0.007115, -0.038192, 0.999245, 203.142624, 25.000000
2012-06-18 21:12:10.500, 13.298654, 0.005859, -0.040451, -1.005249, 0.999803, 0.018777, -0.006401, -0.018519, 0.999094, 0.038318, 0.007115, -0.038192, 0.999245, 203.142624, 25.000000
2012-06-18 21:12:10.533, 13.331585, 0.000153, -0.041595, -1.022141, 0.999782, 0.019843, -0.006461, -0.019589, 0.999113, 0.037267, 0.007195, -0.037132, 0.999284, 203.142624, 25.000000
2012-06-18 21:12:10.565, 13.364011, 0.007751, -0.046326, -1.011154, 0.999784, 0.019815, -0.006256, -0.019564, 0.999090, 0.037903, 0.007001, -0.037772, 0.999262, 203.142624, 25.000000
2012-06-18 21:12:10.597, 13.396054, 0.014206, -0.051987, -0.987350, 0.999784, 0.019815, -0.006256, -0.019564, 0.999090, 0.037903, 0.007001, -0.037772, 0.999262, 203.142624, 25.000000
2012-06-18 21:12:10.630, 13.429203, 0.001724, -0.042435, -0.987518, 0.999794, 0.019277, -0.006307, -0.019016, 0.999052, 0.039165, 0.007056, -0.039037, 0.999213, 203.142624, 25.000000
2012-06-18 21:12:10.662, 13.460961, 0.001434, -0.021957, -1.013229, 0.999792, 0.019421, -0.006268, -0.019139, 0.998923, 0.042258, 0.007082, -0.042129, 0.999087, 203.142624, 25.000000
2012-06-18 21:12:10.694, 13.493185, 0.000351, -0.020950, -1.003342, 0.999792, 0.019421, -0.006268, -0.019139, 0.998923, 0.042258, 0.007082, -0.042129, 0.999087, 203.142624, 25.000000
2012-06-18 21:12:10.726, 13.524931, -0.006104, -0.014313, -1.025192, 0.999782, 0.020097, -0.005668, -0.019845, 0.998946, 0.041377, 0.006494, -0.041255, 0.999128, 203.142624, 25.000000
2012-06-18 21:12:10.759, 13.557575, 0.014404, -0.044159, -0.991302, 0.999775, 0.020680, -0.004682, -0.020477, 0.998993, 0.039916, 0.005503, -0.039811, 0.999192, 203.142624, 25.000000
2012-06-18 21:12:10.792, 13.590513, 0.020050, -0.064682, -1.009964, 0.999776, 0.020609, -0.004750, -0.020410, 0.999041, 0.038740, 0.005544, -0.038634, 0.999238, 203.142624, 25.000000
2012-06-18 21:12:10.824, 13.623168, 0.013947, -0.065735, -0.988312, 0.999781, 0.019912, -0.006454, -0.019639, 0.999007, 0.039999, 0.007244, -0.039863, 0.999179, 203.142624, 25.000000
2012-06-18 21:12:10.856, 13.654795, 0.000046, -0.042557, -1.015213, 0.999790, 0.019294, -0.006893, -0.019002, 0.999013, 0.040149, 0.007661, -0.040010, 0.999170, 203.142624, 25.000000
2012-06-18 21:12:10.888, 13.686829, -0.002411, -0.027969, -1.032059, 0.999775, 0.019741, -0.007716, -0.019413, 0.998991, 0.040502, 0.008508, -0.040343, 0.999150, 203.142624, 25.000000
2012-06-18 21:12:10.920, 13.718958, -0.000671, -0.027863, -1.010284, 0.999759, 0.020669, -0.007399, -0.020365, 0.999035, 0.038923, 0.008197, -0.038763, 0.999215, 203.142624, 25.000000
2012-06-18 21:12:10.953, 13.751854, 0.004898, -0.036545, -0.999344, 0.999743, 0.021281, -0.007795, -0.020963, 0.999026, 0.038828, 0.008614, -0.038655, 0.999215, 203.142624, 25.000000
2012-06-18 21:12:10.985, 13.784152, 0.011765, -0.039383, -1.010101, 0.999748, 0.021299, -0.007147, -0.021000, 0.998994, 0.039623, 0.007983, -0.039463, 0.999189, 203.142624, 25.000000
2012-06-18 21:12:11.019, 13.817893, 0.007843, -0.045364, -1.018066, 0.999750, 0.021257, -0.006895, -0.020968, 0.998998, 0.039548, 0.007729, -0.039393, 0.999194, 203.142624, 25.000000
2012-06-18 21:12:11.051, 13.849478, 0.009964, -0.036514, -1.019028, 0.999743, 0.021536, -0.007067, -0.021239, 0.998985, 0.039711, 0.007915, -0.039551, 0.999186, 203.142624, 25.000000
2012-06-18 21:12:11.082, 13.881101, 0.009659, -0.047256, -1.010132, 0.999735, 0.022022, -0.006672, -0.021746, 0.999003, 0.038987, 0.007524, -0.038832, 0.999217, 203.142624, 25.000000
2012-06-18 21:12:11.114, 13.913400, 0.011520, -0.052124, -1.010101, 0.999724, 0.022343, -0.007248, -0.022038, 0.998967, 0.039732, 0.008128, -0.039561, 0.999184, 203.142624, 25.000000
2012-06-18 21:12:11.147, 13.945994, 0.016525, -0.047134, -1.014984, 0.999717, 0.022635, -0.007378, -0.022325, 0.998964, 0.039664, 0.008268, -0.039488, 0.999186, 203.142624, 25.000000
2012-06-18 21:12:11.180, 13.978528, 0.001205, -0.035690, -1.018158, 0.999702, 0.023022, -0.008133, -0.022678, 0.998941, 0.040044, 0.009047, -0.039848, 0.999165, 203.142624, 25.000000
2012-06-18 21:12:11.212, 14.011071, 0.001770, -0.044418, -0.994446, 0.999689, 0.023708, -0.007782, -0.023378, 0.998923, 0.040088, 0.008724, -0.039894, 0.999166, 203.142624, 25.000000
2012-06-18 21:12:11.245, 14.043953, 0.000961, -0.040543, -1.003326, 0.999685, 0.024077, -0.007105, -0.023763, 0.998864, 0.041307, 0.008092, -0.041126, 0.999121, 203.142624, 25.000000
2012-06-18 21:12:11.278, 14.076870, 0.002060, -0.034653, -1.005295, 0.999668, 0.024874, -0.006662, -0.024572, 0.998813, 0.042053, 0.007700, -0.041876, 0.999093, 203.142624, 25.000000
2012-06-18 21:12:11.311, 14.109999, -0.001663, -0.024918, -1.003372, 0.999655, 0.025604, -0.005937, -0.025335, 0.998809, 0.041687, 0.006997, -0.041523, 0.999113, 203.142624, 25.000000
2012-06-18 21:12:11.342, 14.141578, 0.005859, -0.040451, -1.005249, 0.999640, 0.026317, -0.005320, -0.026072, 0.998783, 0.041867, 0.006416, -0.041713, 0.999109, 203.142624, 25.000000
2012-06-18 21:12:11.377, 14.175498, 0.018127, -0.059814, -1.003067, 0.999627, 0.026811, -0.005223, -0.026575, 0.998807, 0.040973, 0.006316, -0.040819, 0.999147, 203.142624, 25.000000
2012-06-18 21:12:11.410, 14.208494, 0.015060, -0.057861, -0.986328, 0.999624, 0.026657, -0.006434, -0.026363, 0.998765, 0.042113, 0.007549, -0.041928, 0.999092, 203.142624, 25.000000
2012-06-18 21:12:11.442, 14.241327, 0.000992, -0.042526, -1.010254, 0.999616, 0.026792, -0.007048, -0.026467, 0.998732, 0.042816, 0.008187, -0.042613, 0.999058, 203.142624, 25.000000
2012-06-18 21:12:11.476, 14.274780, -0.010956, -0.022308, -1.044022, 0.999590, 0.027657, -0.007418, -0.027319, 0.998731, 0.042308, 0.008579, -0.042088, 0.999077, 203.142624, 25.000000
2012-06-18 21:12:11.508, 14.306690, 0.002884, -0.040497, -0.999374, 0.999571, 0.028492, -0.006835, -0.028197, 0.998805, 0.039920, 0.007964, -0.039710, 0.999179, 203.142624, 25.000000
2012-06-18 21:12:11.541, 14.340298, 0.001724, -0.048355, -0.998383, 0.999564, 0.028761, -0.006673, -0.028478, 0.998829, 0.039120, 0.007791, -0.038912, 0.999212, 203.142624, 25.000000
2012-06-18 21:12:11.574, 14.372423, -0.003189, -0.046463, -0.990555, 0.999575, 0.028324, -0.006966, -0.028020, 0.998788, 0.040469, 0.008104, -0.040257, 0.999156, 203.142624, 25.000000
2012-06-18 21:12:11.605, 14.403547, 0.006104, -0.029694, -1.009216, 0.999584, 0.027998, -0.006946, -0.027694, 0.998793, 0.040562, 0.008073, -0.040353, 0.999153, 203.142624, 25.000000
2012-06-18 21:12:11.636, 14.434941, 0.004974, -0.034592, -1.004288, 0.999580, 0.028069, -0.007230, -0.027758, 0.998815, 0.039988, 0.008344, -0.039771, 0.999174, 203.142624, 25.000000
2012-06-18 21:12:11.669, 14.467493, 0.012558, -0.049179, -1.013062, 0.999579, 0.028092, -0.007319, -0.027781, 0.998831, 0.039570, 0.008422, -0.039350, 0.999190, 203.142624, 25.000000
2012-06-18 21:12:11.701, 14.499232, 0.015411, -0.050064, -1.005112, 0.999586, 0.027795, -0.007443, -0.027482, 0.998848, 0.039334, 0.008528, -0.039113, 0.999198, 203.142624, 25.000000
2012-06-18 21:12:11.733, 14.531850, -0.002014, -0.046509, -1.010300, 0.999590, 0.027408, -0.008254, -0.027053, 0.998818, 0.040381, 0.009351, -0.040141, 0.999150, 203.142624, 25.000000
2012-06-18 21:12:11.766, 14.564772, 0.000229, -0.034729, -1.017197, 0.999595, 0.027334, -0.007948, -0.026992, 0.998820, 0.040379, 0.009042, -0.040148, 0.999153, 203.142624, 25.000000
2012-06-18 21:12:11.798, 14.596361, -0.000015, -0.019211, -1.057709, 0.999602, 0.027232, -0.007420, -0.026914, 0.998836, 0.040026, 0.008501, -0.039811, 0.999171, 203.142624, 25.000000
2012-06-18 21:12:11.829, 14.628382, 0.002472, -0.033798, -1.043823, 0.999585, 0.027833, -0.007446, -0.027535, 0.998917, 0.037507, 0.008482, -0.037286, 0.999269, 203.142624, 25.000000
2012-06-18 21:12:11.861, 14.660422, 0.012299, -0.060913, -1.010071, 0.999595, 0.027538, -0.007108, -0.027268, 0.998995, 0.035566, 0.008081, -0.035358, 0.999342, 203.142624, 25.000000
2012-06-18 21:12:11.893, 14.692196, 0.020416, -0.078293, -0.976364, 0.999621, 0.026509, -0.007419, -0.026213, 0.998953, 0.037488, 0.008405, -0.037279, 0.999270, 203.142624, 25.000000
2012-06-18 21:12:11.926, 14.725427, 0.018143, -0.058838, -1.002090, 0.999643, 0.025440, -0.008215, -0.025080, 0.998830, 0.041350, 0.009258, -0.041129, 0.999111, 203.142624, 25.000000
2012-06-18 21:12:11.959, 14.757871, 0.008636, -0.040344, -0.991379, 0.999634, 0.025540, -0.008877, -0.025132, 0.998744, 0.043339, 0.009972, -0.043100, 0.999021, 203.142624, 25.000000
2012-06-18 21:12:11.991, 14.789882, -0.007599, -0.028946, -1.003464, 0.999610, 0.026533, -0.008671, -0.026116, 0.998640, 0.045131, 0.009857, -0.044887, 0.998943, 203.142624, 25.000000
2012-06-18 21:12:12.023, 14.821484, -0.006638, -0.022018, -0.987656, 0.999585, 0.027936, -0.007065, -0.027588, 0.998589, 0.045376, 0.008323, -0.045163, 0.998945, 203.142624, 25.000000
2012-06-18 21:12:12.054, 14.852868, -0.009048, -0.012390, -1.021271, 0.999545, 0.029647, -0.005496, -0.029373, 0.998568, 0.044713, 0.006814, -0.044531, 0.998985, 203.142624, 25.000000
2012-06-18 21:12:12.085, 14.883623, -0.008255, -0.022156, -1.019302, 0.999510, 0.031069, -0.003697, -0.030887, 0.998647, 0.041828, 0.004991, -0.041693, 0.999118, 203.142624, 25.000000
2012-06-18 21:12:12.116, 14.914813, 0.009689, -0.044312, -1.007156, 0.999494, 0.031598, -0.003574, -0.031428, 0.998683, 0.040553, 0.004851, -0.040420, 0.999171, 203.142624, 25.000000
2012-06-18 21:12:12.148, 14.947241, 0.015152, -0.054932, -0.988297, 0.999511, 0.031044, -0.003717, -0.030871, 0.998721, 0.040049, 0.004955, -0.039915, 0.999191, 203.142624, 25.000000
2012-06-18 21:12:12.180, 14.979107, 0.018097, -0.064728, -1.009995, 0.999525, 0.030435, -0.004899, -0.030211, 0.998715, 0.040678, 0.006131, -0.040511, 0.999160, 203.142624, 25.000000
2012-06-18 21:12:12.212, 15.010412, 0.013412, -0.061935, -1.022903, 0.999527, 0.030052, -0.006507, -0.029761, 0.998714, 0.041048, 0.007732, -0.040834, 0.999136, 203.142624, 25.000000
2012-06-18 21:12:12.244, 15.043147, 0.009644, -0.053177, -1.020981, 0.999520, 0.030058, -0.007503, -0.029714, 0.998662, 0.042322, 0.008765, -0.042079, 0.999076, 203.142624, 25.000000
2012-06-18 21:12:12.277, 15.075763, -0.006760, -0.035797, -1.002472, 0.999495, 0.030973, -0.007060, -0.030642, 0.998608, 0.042936, 0.008380, -0.042698, 0.999053, 203.142624, 25.000000
2012-06-18 21:12:12.309, 15.108138, -0.006332, -0.022125, -1.018280, 0.999456, 0.032551, -0.005367, -0.032298, 0.998596, 0.041978, 0.006726, -0.041781, 0.999104, 203.142624, 25.000000
2012-06-18 21:12:12.341, 15.140108, -0.007538, -0.022064, -0.995575, 0.999421, 0.033819, -0.003852, -0.033631, 0.998577, 0.041385, 0.005246, -0.041231, 0.999136, 203.142624, 25.000000
2012-06-18 21:12:12.375, 15.173442, -0.012009, -0.018341, -1.029221, 0.999421, 0.033819, -0.003852, -0.033631, 0.998577, 0.041385, 0.005246, -0.041231, 0.999136, 203.142624, 25.000000
2012-06-18 21:12:12.407, 15.205684, 0.006409, -0.052139, -0.986465, 0.999403, 0.034487, -0.002277, -0.034370, 0.998623, 0.039642, 0.003641, -0.039540, 0.999211, 203.142624, 25.000000
2012-06-18 21:12:12.439, 15.238288, 0.007950, -0.065781, -0.973572, 0.999419, 0.033909, -0.003427, -0.033736, 0.998551, 0.041937, 0.004844, -0.041797, 0.999114, 203.142624, 25.000000
2012-06-18 21:12:12.472, 15.271231, 0.008423, -0.056061, -1.001236, 0.999419, 0.033909, -0.003427, -0.033736, 0.998551, 0.041937, 0.004844, -0.041797, 0.999114, 203.142624, 25.000000
2012-06-18 21:12:12.505, 15.303879, 0.000519, -0.026932, -1.030029, 0.999408, 0.034052, -0.004950, -0.033799, 0.998441, 0.044414, 0.006454, -0.044220, 0.999001, 203.142624, 25.000000
2012-06-18 21:12:12.539, 15.337518, 0.001816, -0.018143, -1.043839, 0.999380, 0.034850, -0.005096, -0.034600, 0.998479, 0.042923, 0.006584, -0.042720, 0.999065, 203.142624, 25.000000
2012-06-18 21:12:12.572, 15.370160, -0.000824, -0.037674, -1.013260, 0.999380, 0.034850, -0.005096, -0.034600, 0.998479, 0.042923, 0.006584, -0.042720, 0.999065, 202.142624, 25.000000
2012-06-18 21:12:12.603, 15.401873, -0.000488, -0.055206, -0.985565, 0.999350, 0.035726, -0.004746, -0.035491, 0.998454, 0.042775, 0.006267, -0.042579, 0.999073, 202.142624, 25.000000
2012-06-18 21:12:12.634, 15.432874, -0.001251, -0.051361, -0.997437, 0.999355, 0.035629, -0.004427, -0.035399, 0.998398, 0.044133, 0.005992, -0.043947, 0.999016, 202.142624, 25.000000
2012-06-18 21:12:12.667, 15.465530, 0.000229, -0.037674, -1.022141, 0.999355, 0.035629, -0.004427, -0.035399, 0.998398, 0.044133, 0.005992, -0.043947, 0.999016, 202.142624, 25.000000
2012-06-18 21:12:12.699, 15.497363, 0.009811, -0.047318, -1.024948, 0.999339, 0.036091, -0.004406, -0.035863, 0.998385, 0.044054, 0.005989, -0.043867, 0.999019, 202.142624, 25.000000
2012-06-18 21:12:12.730, 15.529166, 0.012634, -0.067596, -0.957703, 0.999316, 0.036701, -0.004461, -0.036466, 0.998340, 0.044577, 0.006089, -0.044384, 0.998996, 202.142624, 25.000000
2012-06-18 21:12:12.777, 15.575549, 0.010651, -0.041321, -1.001221, 0.999316, 0.036701, -0.004461, -0.036466, 0.998340, 0.044577, 0.006089, -0.044384, 0.998996, 202.142624, 25.000000
2012-06-18 21:12:12.797, 15.595189, 0.001709, -0.028946, -1.054718, 0.999313, 0.036892, -0.003428, -0.036702, 0.998321, 0.044818, 0.005075, -0.044662, 0.998989, 202.142624, 25.000000
2012-06-18 21:12:12.830, 15.627605, 0.012711, -0.040329, -1.010086, 0.999256, 0.038379, -0.003750, -0.038180, 0.998325, 0.043473, 0.005412, -0.043298, 0.999048, 202.142624, 25.000000
2012-06-18 21:12:12.861, 15.659951, 0.015610, -0.043228, -1.011047, 0.999256, 0.038379, -0.003750, -0.038180, 0.998325, 0.043473, 0.005412, -0.043298, 0.999048, 202.142624, 25.000000
2012-06-18 21:12:12.894, 15.692577, 0.015961, -0.057816, -0.979385, 0.999240, 0.038692, -0.004816, -0.038442, 0.998289, 0.044052, 0.006513, -0.043833, 0.999018, 202.142624, 25.000000
2012-06-18 21:12:12.926, 15.724899, 0.002548, -0.053207, -0.992432, 0.999248, 0.038394, -0.005428, -0.038108, 0.998236, 0.045535, 0.007166, -0.045293, 0.998948, 202.142624, 25.000000
2012-06-18 21:12:12.960, 15.758530, 0.002914, -0.046432, -1.015182, 0.999248, 0.038394, -0.005428, -0.038108, 0.998236, 0.045535, 0.007166, -0.045293, 0.998948, 202.142624, 25.000000
2012-06-18 21:12:12.992, 15.791054, 0.003189, -0.038635, -1.027039, 0.999227, 0.038926, -0.005474, -0.038638, 0.998226, 0.045298, 0.007227, -0.045052, 0.998959, 202.142624, 25.000000
2012-06-18 21:12:13.024, 15.822899, -0.001144, -0.046463, -0.999420, 0.999180, 0.040054, -0.005862, -0.039747, 0.998177, 0.045423, 0.007670, -0.045153, 0.998951, 202.142624, 25.000000
2012-06-18 21:12:13.057, 15.855553, -0.007996, -0.045593, -0.994598, 0.999180, 0.040054, -0.005862, -0.039747, 0.998177, 0.045423, 0.007670, -0.045153, 0.998951, 202.142624, 25.000000
2012-06-18 21:12:13.089, 15.888358, -0.001831, -0.041626, -1.018204, 0.999169, 0.040468, -0.004902, -0.040201, 0.998140, 0.045838, 0.006748, -0.045603, 0.998937, 202.142624, 25.000000
2012-06-18 21:12:13.122, 15.920918, 0.010696, -0.043304, -1.010117, 0.999166, 0.040618, -0.004090, -0.040391, 0.998151, 0.045418, 0.005928, -0.045215, 0.998960, 202.142624, 25.000000
2012-06-18 21:12:13.153, 15.952327, 0.024261, -0.056839, -1.026703, 0.999166, 0.040618, -0.004090, -0.040391, 0.998151, 0.045418, 0.005928, -0.045215, 0.998960, 202.142624, 25.000000
2012-06-18 21:12:13.186, 15.984752, 0.011978, -0.066727, -0.989319, 0.999170, 0.040404, -0.005185, -0.040125, 0.998146, 0.045764, 0.007024, -0.045518, 0.998939, 202.142624, 25.000000
2012-06-18 21:12:13.219, 16.017314, 0.000427, -0.063049, -0.993439, 0.999190, 0.039882, -0.005342, -0.039590, 0.998121, 0.046763, 0.007197, -0.046514, 0.998892, 202.142624, 25.000000
2012-06-18 21:12:13.250, 16.049079, -0.016235, -0.029160, -1.017441, 0.999195, 0.039753, -0.005459, -0.039438, 0.998018, 0.049034, 0.007397, -0.048779, 0.998782, 202.142624, 25.000000
2012-06-18 21:12:13.282, 16.080435, -0.000885, -0.024826, -0.982620, 0.999167, 0.040577, -0.004307, -0.040317, 0.997981, 0.049071, 0.006289, -0.048857, 0.998786, 202.142624, 25.000000
2012-06-18 21:12:13.314, 16.112587, -0.000259, -0.027023, -1.047821, 0.999127, 0.041646, -0.003362, -0.041442, 0.998039, 0.046906, 0.005309, -0.046725, 0.998894, 202.142624, 25.000000
2012-06-18 21:12:13.346, 16.145098, 0.005798, -0.048325, -1.015137, 0.999123, 0.041814, -0.002391, -0.041665, 0.998125, 0.044847, 0.004262, -0.044708, 0.998991, 202.142624, 25.000000
2012-06-18 21:12:13.378, 16.176415, 0.006744, -0.054214, -1.023010, 0.999140, 0.041406, -0.002334, -0.041266, 0.998208, 0.043323, 0.004124, -0.043190, 0.999058, 202.142624, 25.000000
2012-06-18 21:12:13.409, 16.208080, 0.011734, -0.075531, -0.982407, 0.999176, 0.040459, -0.003224, -0.040277, 0.998207, 0.044271, 0.005010, -0.044105, 0.999014, 202.142624, 25.000000
2012-06-18 21:12:13.442, 16.240266, 0.010223, -0.062881, -1.001205, 0.999198, 0.039800, -0.004466, -0.039547, 0.998113, 0.046965, 0.006327, -0.046751, 0.998887, 202.142624, 25.000000
2012-06-18 21:12:13.473, 16.272455, 0.001892, -0.044464, -1.007263, 0.999194, 0.039870, -0.004568, -0.039606, 0.998066, 0.047904, 0.006470, -0.047685, 0.998841, 202.142624, 25.000000
2012-06-18 21:12:13.506, 16.304911, -0.007507, -0.030960, -1.016312, 0.999170, 0.040495, -0.004511, -0.040236, 0.998063, 0.047452, 0.006424, -0.047231, 0.998863, 202.142624, 25.000000
2012-06-18 21:12:13.538, 16.336402, -0.011566, -0.038879, -1.016357, 0.999133, 0.041403, -0.004409, -0.041151, 0.998050, 0.046943, 0.006344, -0.046720, 0.998888, 202.142624, 25.000000
2012-06-18 21:12:13.572, 16.369333, 0.001846, -0.046432, -1.007263, 0.999114, 0.041937, -0.003593, -0.041729, 0.998083, 0.045699, 0.005502, -0.045509, 0.998949, 202.142624, 25.000000
2012-06-18 21:12:13.601, 16.400270, 0.006516, -0.051193, -0.995361, 0.999113, 0.041959, -0.003681, -0.041746, 0.998070, 0.045978, 0.005603, -0.045784, 0.998936, 202.142624, 25.000000
2012-06-18 21:12:13.633, 16.431916, 0.016159, -0.057877, -0.999161, 0.999121, 0.041744, -0.003937, -0.041516, 0.998054, 0.046533, 0.005872, -0.046328, 0.998909, 202.142624, 25.000000
